5.061385780572891235e-02
-1.059031635522842407e-01
-7.834361493587493896e-02
-1.294941753149032593e-01
3.926975280046463013e-02
-9.482343494892120361e-02
1.359587609767913818e-01
1.262190788984298706e-01
3.761660991585813463e-05
-1.701021045446395874e-01
3.532505035400390625e-01
-1.661748737096786499e-01
2.790013886988162994e-02
4.582879319787025452e-02
8.534073829650878906e-03
-1.614538431167602539e-01
4.864577949047088623e-01
-7.715327292680740356e-02
-9.262176603078842163e-02
-2.279267646372318268e-02
1.228268742561340332e-01
-3.880368173122406006e-01
-9.160720556974411011e-02
1.674775779247283936e-01
3.543822094798088074e-05
8.972871303558349609e-02
3.322279080748558044e-02
-1.130487620830535889e-01
1.076223254203796387e-01
4.330162703990936279e-02
-2.448968775570392609e-02
-1.505388133227825165e-02
-1.458115759305655956e-03
-5.414452776312828064e-02
-1.330718696117401123e-01
1.541711837053298950e-01
-2.504413127899169922e-01
9.612769633531570435e-02
-8.593844622373580933e-02
1.436956226825714111e-01
-3.922306859749369323e-05
3.345100581645965576e-02
-1.286868602037429810e-01
1.170298010110855103e-01
3.931295871734619141e-02
1.350884437561035156e-01
-6.689158082008361816e-02
1.157104372978210449e-01
-2.037163376808166504e-01
-2.025753706693649292e-01
-7.955558598041534424e-02
8.584790676832199097e-02
2.163976803421974182e-02
-9.358380734920501709e-02
1.837649196386337280e-01
-1.054139137268066406e-01
-1.113718440137745347e-06
-5.891882628202438354e-02
-8.974619209766387939e-02
2.167428098618984222e-02
3.444689214229583740e-01
-4.395930841565132141e-02
7.991097122430801392e-02
-2.609221078455448151e-02
2.682941593229770660e-02
-2.002129107713699341e-01
9.955618530511856079e-02
-7.944873720407485962e-02
-1.180773675441741943e-01
6.960380077362060547e-02
1.975760012865066528e-01
2.404226921498775482e-02
3.489099253783933818e-05
-2.140913531184196472e-02
2.683378458023071289e-01
-2.003152072429656982e-01
9.100467897951602936e-03
-5.477285757660865784e-02
1.006096079945564270e-01
3.295915201306343079e-02
4.639302566647529602e-02
1.496382206678390503e-01
4.112071357667446136e-03
-1.346662193536758423e-01
8.057368546724319458e-02
1.083606556057929993e-01
5.376173555850982666e-02
-8.266217261552810669e-02
2.435774513287469745e-05
-2.628027796745300293e-01
-2.517263889312744141e-01
-9.433083236217498779e-02
1.685618422925472260e-02
1.701984107494354248e-01
-7.574821263551712036e-02
9.618056565523147583e-02
4.777673631906509399e-03
2.122210562229156494e-01
3.130441904067993164e-01
6.207622587680816650e-03
7.431039214134216309e-02
-8.826726675033569336e-02
-2.642193734645843506e-01
-1.342720240354537964e-01
-2.204311203968245536e-05
-2.530752494931221008e-02
2.480253763496875763e-02
-3.449281677603721619e-02
-1.624676049686968327e-03
1.870300062000751495e-02
1.919994503259658813e-01
-2.018789015710353851e-02
-1.280850172042846680e-01
4.799488186836242676e-01
-6.143905222415924072e-03
-9.588626213371753693e-03
-1.713775992393493652e-01
1.877378672361373901e-02
-2.258159071207046509e-01
-1.141658145934343338e-02
-3.971051410189829767e-05
6.864300370216369629e-02
4.119180515408515930e-02
1.234067790210247040e-02
5.546949431300163269e-02
6.717876344919204712e-02
5.497616156935691833e-02
6.136091798543930054e-02
8.140145242214202881e-02
1.395426783710718155e-02
1.671421825885772705e-01
-7.196772843599319458e-02
5.411452054977416992e-01
-1.614341437816619873e-01
-8.419606834650039673e-02
6.519541889429092407e-02
-9.095715540752280504e-06
-1.856871880590915680e-02
2.835831977427005768e-02
-1.538804024457931519e-01
-2.365576326847076416e-01
3.156112879514694214e-02
-6.829239428043365479e-02
4.112364724278450012e-02
-9.537007659673690796e-02
7.158216089010238647e-02
-1.773550659418106079e-01
-1.502538770437240601e-01
1.970084942877292633e-02
-3.932532854378223419e-03
-1.385761499404907227e-01
-2.358558923006057739e-01
-1.585100653755944222e-05
1.100448220968246460e-01
1.071479618549346924e-01
9.920056909322738647e-02
6.582698971033096313e-02
3.990367054939270020e-02
3.456907570362091064e-01
7.899086922407150269e-02
-2.726188004016876221e-01
2.364285439252853394e-01
9.550266712903976440e-02
-5.982755124568939209e-02
9.450421482324600220e-02
2.209939509630203247e-01
-1.124389618635177612e-01
-2.381614893674850464e-01
3.038589056814089417e-06
-9.908518195152282715e-02
5.794849619269371033e-02
-2.403020262718200684e-01
-6.410458590835332870e-03
4.087106138467788696e-02
1.874510645866394043e-01
3.972496464848518372e-02
1.236033998429775238e-02
-5.330300424247980118e-03
-1.003810092806816101e-01
-9.967840462923049927e-02
4.392093792557716370e-02
-7.543695718050003052e-02
-3.397377580404281616e-02
-9.146549738943576813e-03
3.706917777890339494e-05
2.595642805099487305e-01
-1.136144846677780151e-01
-6.235169246792793274e-02
1.855921931564807892e-02
2.205426394939422607e-01
3.809381276369094849e-02
-1.905748099088668823e-01
2.470511477440595627e-03
-1.863579005002975464e-01
-8.802482043392956257e-04
9.132461994886398315e-02
-2.655401639640331268e-02
8.495161309838294983e-03
6.010390073060989380e-02
-8.125419914722442627e-02
-2.921388295362703502e-05
-1.386340558528900146e-01
2.092520743608474731e-01
1.346072405576705933e-01
-6.798697263002395630e-02
1.614976376295089722e-01
1.071034818887710571e-01
-1.420465707778930664e-01
3.733446598052978516e-01
5.333051551133394241e-03
1.886669695377349854e-01
1.262520402669906616e-01
-1.594541519880294800e-01
-2.497967779636383057e-01
1.711874306201934814e-01
-3.210452571511268616e-02
-3.778093378059566021e-05
-1.303105354309082031e-01
-1.232069730758666992e-01
1.491193175315856934e-01
-1.737786382436752319e-01
-8.167178928852081299e-02
-2.562220394611358643e-01
-5.240288004279136658e-02
8.083218336105346680e-02
5.311631038784980774e-02
3.232900202274322510e-01
9.773656725883483887e-02
-3.024003505706787109e-01
-8.070867508649826050e-02
-2.639075517654418945e-01
-5.169441550970077515e-02
-4.223807536618551239e-06
-5.483944714069366455e-02
-1.244380790740251541e-02
1.002847328782081604e-01
1.610254049301147461e-01
-1.387336011976003647e-02
1.987615600228309631e-02
2.535239793360233307e-02
9.733188152313232422e-02
-9.165585041046142578e-03
-1.614466011524200439e-01
5.690642073750495911e-02
3.307718411087989807e-02
-9.825750440359115601e-02
-1.388736627995967865e-02
-1.097945123910903931e-01
4.562336835078895092e-05
-5.933322757482528687e-02
1.411210000514984131e-01
-2.052030861377716064e-01
1.312072426080703735e-01
6.555669754743576050e-02
1.814646720886230469e-01
1.716878637671470642e-02
1.178559437394142151e-01
2.934404909610748291e-01
-2.659676969051361084e-01
-1.129115186631679535e-02
5.074120312929153442e-02
-1.347488462924957275e-01
-2.393719553947448730e-01
9.221805259585380554e-03
2.162459350074641407e-05
2.414289861917495728e-02
2.896651253104209900e-02
1.707812696695327759e-01
1.204050928354263306e-01
-2.833119826391339302e-03
-1.706527024507522583e-01
-2.262542769312858582e-02
4.422042518854141235e-02
-1.191202029585838318e-01
4.710137844085693359e-02
7.968340069055557251e-02
-3.221279010176658630e-02
-1.283018887042999268e-01
9.761465340852737427e-02
-1.076650060713291168e-02
-3.855978138744831085e-05
-2.080618739128112793e-01
2.734444141387939453e-01
4.524997901171445847e-03
-1.359864026308059692e-01
-6.322379410266876221e-02
-9.601228684186935425e-02
4.703418910503387451e-02
-2.346343547105789185e-02
-1.347332000732421875e-01
-5.167072638869285583e-02
1.159194260835647583e-01
-2.360987514257431030e-01
-1.275300532579421997e-01
-5.391858145594596863e-02
1.673609763383865356e-01
-4.336886559030972421e-05
-1.766447871923446655e-01
1.988410055637359619e-01
5.778852500952780247e-04
5.824460461735725403e-02
2.784595638513565063e-02
1.138648241758346558e-01
6.238463148474693298e-02
5.088074132800102234e-02
8.878909051418304443e-02
1.852634251117706299e-01
1.367312371730804443e-01
-1.747014075517654419e-01
-2.324798703193664551e-01
-6.357355415821075439e-02
3.021962940692901611e-01
2.632252289913594723e-05
-8.065809309482574463e-02
1.338495314121246338e-02
-5.163506045937538147e-02
-1.263072937726974487e-01
-1.177785694599151611e-01
1.374715473502874374e-03
-4.578942060470581055e-02
2.403383851051330566e-01
3.429559171199798584e-01
2.902042679488658905e-02
2.239598892629146576e-02
-1.537740826606750488e-01
-3.095356523990631104e-01
-1.865369081497192383e-01
3.713984042406082153e-02
-3.190109055140055716e-06
-2.672847360372543335e-03
1.008121855556964874e-02
-2.008520513772964478e-01
1.839236766099929810e-01
-1.893185824155807495e-02
-1.358843147754669189e-01
2.574698254466056824e-02
-1.239719390869140625e-01
2.821772918105125427e-02
-7.286977022886276245e-02
-6.607951223850250244e-02
-1.461709942668676376e-02
2.476862519979476929e-01
-1.672191172838211060e-02
-3.071967884898185730e-02
2.255783510918263346e-05
1.206877231597900391e-01
-1.663085222244262695e-01
7.333254814147949219e-02
1.645584106445312500e-01
-8.989655226469039917e-02
8.155588060617446899e-02
-1.020678505301475525e-01
-1.174509301781654358e-01
-1.328684240579605103e-01
1.644029766321182251e-01
8.450786769390106201e-02
-4.169913232326507568e-01
1.676037609577178955e-01
-8.289390057325363159e-02
-8.832110464572906494e-02
-3.410349745536223054e-05
-3.880733996629714966e-02
-3.771951794624328613e-02
1.395139545202255249e-01
3.086098730564117432e-01
-2.584388665854930878e-02
-3.038882650434970856e-02
-7.321637123823165894e-02
-1.941500157117843628e-01
-7.394468784332275391e-02
5.980665329843759537e-03
-8.936935663223266602e-02
-6.203252449631690979e-02
2.423889786005020142e-01
-2.916021645069122314e-02
3.769891262054443359e-01
1.251342928298981860e-05
2.427991926670074463e-01
-9.632434695959091187e-03
-2.752626240253448486e-01
6.703842431306838989e-02
1.075031980872154236e-01
-2.157232612371444702e-01
-1.236514537595212460e-03
2.408662624657154083e-02
6.191986799240112305e-02
2.357244491577148438e-01
5.620073899626731873e-02
-4.700554609298706055e-01
-1.368701457977294922e-01
1.611018478870391846e-01
-3.241941332817077637e-02
-2.294197656738106161e-06
5.362536758184432983e-02
5.900423601269721985e-02
-1.596858054399490356e-01
1.899057030677795410e-01
7.927875220775604248e-02
-3.870935365557670593e-02
-2.923573739826679230e-02
2.396014332771301270e-02
-2.804958224296569824e-01
-1.667553931474685669e-01
1.904577463865280151e-01
-4.843476414680480957e-02
-9.551648050546646118e-02
3.265340030193328857e-01
1.910847872495651245e-01
3.268171349191106856e-05
2.612077817320823669e-02
-5.119265988469123840e-02
7.612056285142898560e-02
1.507906913757324219e-01
-6.497210264205932617e-02
-2.633866071701049805e-01
-3.560278937220573425e-02
1.466185897588729858e-01
-1.362922322005033493e-02
-4.220153763890266418e-02
1.120643690228462219e-02
1.526506152004003525e-03
-1.361696869134902954e-01
-5.348372831940650940e-02
1.620867997407913208e-01
-1.764925582392606884e-05
1.860608011484146118e-01
9.938003867864608765e-02
-2.766656875610351562e-01
2.469189465045928955e-01
3.529494255781173706e-02
-1.819775104522705078e-01
6.920485943555831909e-02
-1.325709372758865356e-01
-2.581619424745440483e-03
1.926831901073455811e-02
-1.437430083751678467e-01
1.700449287891387939e-01
2.185557931661605835e-01
-1.313175857067108154e-01
-1.983982697129249573e-02
1.305010846408549696e-05
5.975956097245216370e-02
4.898950830101966858e-02
-2.332092449069023132e-02
-2.117179185152053833e-01
6.527596712112426758e-02
-2.229498699307441711e-02
-1.364621333777904510e-02
-4.230339080095291138e-02
1.098834425210952759e-01
-1.746610254049301147e-01
-5.062042549252510071e-02
-5.225670337677001953e-02
1.051419451832771301e-01
-1.288692802190780640e-01
-1.083675771951675415e-01
2.871061042242217809e-05
1.316971182823181152e-01
1.743054240942001343e-01
2.317388653755187988e-01
-1.856902986764907837e-01
5.792699754238128662e-02
-1.160330325365066528e-01
9.107302129268646240e-02
1.376321315765380859e-01
5.219870060682296753e-02
3.942110762000083923e-02
-1.152998507022857666e-01
-7.815030962228775024e-02
-1.832673102617263794e-01
9.416771680116653442e-02
1.871909946203231812e-02
1.530769986857194453e-05
-1.182464361190795898e-01
1.281586438417434692e-01
-1.078675612807273865e-01
-2.407023496925830841e-02
-9.589912742376327515e-02
2.285407334566116333e-01
4.788797348737716675e-02
-1.967162042856216431e-01
-2.247126549482345581e-01
1.061684191226959229e-01
-2.568866126239299774e-02
3.026000261306762695e-01
-8.638257533311843872e-02
2.916805744171142578e-01
-1.112930476665496826e-01
3.440215004957281053e-05
1.721409894526004791e-02
-5.279618501663208008e-02
2.949876943603157997e-03
-3.053326904773712158e-01
-3.443287312984466553e-02
-7.474707812070846558e-02
6.927312351763248444e-03
-7.196401804685592651e-02
3.453414142131805420e-02
-1.720351725816726685e-02
9.972715750336647034e-03
4.401754587888717651e-02
-2.029240503907203674e-02
-8.807887881994247437e-02
-8.951756358146667480e-02
4.169191015535034239e-05
5.119609236717224121e-01
-1.349487751722335815e-01
8.983169496059417725e-02
-3.068348765373229980e-02
2.250095270574092865e-02
7.324089854955673218e-02
1.699498295783996582e-01
5.204130336642265320e-02
3.799322992563247681e-02
1.692763529717922211e-02
3.659166023135185242e-02
-1.657411307096481323e-01
5.872701108455657959e-02
-7.093014568090438843e-02
-4.298473894596099854e-02
-3.990793629782274365e-05
3.605930507183074951e-01
-1.664577573537826538e-01
9.279032051563262939e-02
-1.833586022257804871e-03
-2.905916795134544373e-02
-1.046131774783134460e-01
-1.952037364244461060e-01
-1.517710508778691292e-03
-2.195437848567962646e-01
1.940276473760604858e-02
4.217340424656867981e-02
7.783263921737670898e-02
-1.341174393892288208e-01
1.971355527639389038e-01
-5.627727136015892029e-02
-2.177094756916631013e-05
2.867083847522735596e-01
1.204129494726657867e-02
-1.746552884578704834e-01
-8.792161196470260620e-02
6.044882535934448242e-02
3.004159033298492432e-02
1.681605279445648193e-01
1.769096851348876953e-01
-5.104515329003334045e-02
1.131657436490058899e-01
-8.610592782497406006e-02
1.075827479362487793e-01
-1.576529741287231445e-01
5.836280807852745056e-02
-9.151548892259597778e-02
-3.981041663791984320e-05
1.745376139879226685e-01
-3.128634095191955566e-01
-1.344630122184753418e-01
-1.637379825115203857e-02
-1.983210295438766479e-01
1.912062913179397583e-01
-8.552632480859756470e-02
7.621106505393981934e-02
-1.189698576927185059e-01
-2.677071094512939453e-01
6.601993739604949951e-02
2.339432984590530396e-01
-1.642902046442031860e-01
8.997835218906402588e-02
1.166217029094696045e-01
2.981611032737419009e-05
-6.218749098479747772e-03
3.596942499279975891e-02
4.312796890735626221e-01
1.084856223315000534e-02
-7.148706167936325073e-02
-1.109670326113700867e-01
4.481011256575584412e-02
3.728102743625640869e-01
-2.188598364591598511e-01
-2.619781494140625000e-01
1.785006374120712280e-01
-3.099494874477386475e-01
-2.096974253654479980e-01
3.656341731548309326e-01
2.850489504635334015e-02
2.991346082126256078e-05
2.261229790747165680e-02
-9.678822010755538940e-03
1.608930081129074097e-01
1.484754383563995361e-01
-4.833713918924331665e-02
1.112039946019649506e-02
-3.917049616575241089e-02
-1.776535995304584503e-02
-2.804633975028991699e-01
2.995693087577819824e-01
7.671314477920532227e-02
-6.281284987926483154e-02
6.338823586702346802e-02
2.715525627136230469e-01
5.951354280114173889e-02
-1.968857759493403137e-05
1.889245398342609406e-02
-5.587202310562133789e-02
-1.491141766309738159e-01
-2.044222317636013031e-02
-7.165917754173278809e-02
-1.714224815368652344e-01
-1.168932206928730011e-02
2.061796188354492188e-01
-2.257131040096282959e-02
-3.817409649491310120e-02
2.370281517505645752e-01
-4.854943603277206421e-02
-2.629518806934356689e-01
-1.909404546022415161e-01
-9.604093432426452637e-02
-2.001764869419275783e-06
2.573076449334621429e-02
-2.731191739439964294e-02
2.705065011978149414e-01
2.823018468916416168e-03
-2.015615068376064301e-02
1.793486922979354858e-01
4.452935978770256042e-02
-5.430692061781883240e-02
-1.467530131340026855e-01
8.857373148202896118e-02
6.595697253942489624e-02
-1.903641968965530396e-01
-2.665329724550247192e-02
1.242605876177549362e-02
-3.777439519762992859e-02
2.425351522106211632e-05
9.930168837308883667e-02
-1.533928960561752319e-01
1.037276815623044968e-03
8.350096642971038818e-02
3.639981523156166077e-02
1.432883888483047485e-01
-8.158288151025772095e-02
-1.070911437273025513e-01
-2.496006488800048828e-01
7.369462400674819946e-02
-3.890387341380119324e-02
-6.838532164692878723e-03
5.696626380085945129e-02
1.412209272384643555e-01
-1.332524865865707397e-01
-4.301051740185357630e-05
4.472206905484199524e-02
-1.625797897577285767e-02
-2.093256115913391113e-01
1.552975922822952271e-01
7.374016940593719482e-02
3.572416305541992188e-01
6.092439964413642883e-02
1.440730039030313492e-02
1.141318753361701965e-01
3.513827174901962280e-02
-7.464538514614105225e-02
-1.584980338811874390e-01
2.056114524602890015e-01
2.813965268433094025e-02
1.930634304881095886e-02
9.497716746409423649e-06
5.838843807578086853e-02
-9.421642124652862549e-02
-1.927525103092193604e-01
-1.294141262769699097e-01
-1.200198754668235779e-01
2.034812569618225098e-01
-1.687271893024444580e-02
4.786770418286323547e-02
-1.734326332807540894e-01
1.289705783128738403e-01
2.273485250771045685e-02
-6.982740014791488647e-02
-1.016894429922103882e-01
1.697377413511276245e-01
1.175534054636955261e-01
-2.503799260011874139e-05
1.398283541202545166e-01
7.420347630977630615e-02
2.622437477111816406e-01
-2.641851007938385010e-01
4.901570454239845276e-02
-1.950294673442840576e-01
3.694760799407958984e-02
-2.120481878519058228e-01
6.431086361408233643e-02
-5.665176361799240112e-02
2.024530060589313507e-02
-8.475068211555480957e-02
1.971686184406280518e-01
-3.756498917937278748e-02
1.348878443241119385e-01
-4.417523450683802366e-05
-1.600384712219238281e-01
3.847129046916961670e-01
6.193368230015039444e-03
-6.190558429807424545e-03
9.141071885824203491e-02
-1.515666395425796509e-01
-2.543846145272254944e-02
-2.221183776855468750e-01
2.138697952032089233e-01
-1.155480369925498962e-02
5.038683861494064331e-02
4.303292557597160339e-02
2.421474754810333252e-01
-1.725797802209854126e-01
2.510819137096405029e-01
3.717938307090662420e-05
-1.006895005702972412e-01
-8.394107222557067871e-02
1.630624979734420776e-01
-5.514334421604871750e-03
-1.747217029333114624e-01
-4.504859447479248047e-02
-8.805904537439346313e-02
1.685199737548828125e-01
6.719397008419036865e-02
-9.532918035984039307e-02
1.039838716387748718e-01
-3.969861194491386414e-02
-8.157532662153244019e-02
-1.389959007501602173e-01
1.619876921176910400e-01
-2.597643106128089130e-05
-1.654879190027713776e-02
-4.104315862059593201e-02
1.723699122667312622e-01
1.999699324369430542e-02
1.704234033823013306e-01
-1.370546966791152954e-01
-5.911974236369132996e-02
1.449185311794281006e-01
-2.810028493404388428e-01
3.795138001441955566e-02
-1.678009331226348877e-01
-4.388938844203948975e-02
-1.628418564796447754e-01
2.448039799928665161e-01
1.973767578601837158e-01
-3.246786582167260349e-05
5.106981843709945679e-02
-9.761302918195724487e-02
6.019954755902290344e-02
-1.463019102811813354e-01
-5.839169025421142578e-02
8.580368757247924805e-02
1.162635535001754761e-02
-2.911373414099216461e-02
-1.363420486450195312e-02
-5.403510294854640961e-04
-4.180289059877395630e-02
-1.684602163732051849e-02
-5.035752058029174805e-02
9.222523868083953857e-02
-1.537787914276123047e-02
-1.356309348921058699e-05
1.491107419133186340e-02
-1.416921913623809814e-01
2.837234362959861755e-02
-3.512942418456077576e-02
5.130487084388732910e-01
-7.248483598232269287e-02
-1.624810844659805298e-01
-1.296596825122833252e-01
-3.015821874141693115e-01
-4.997477680444717407e-02
-2.783466689288616180e-02
3.219711184501647949e-01
1.989685297012329102e-01
5.051429942250251770e-02
1.937534101307392120e-02
-1.602590964466799051e-05
8.257146924734115601e-02
9.251359850168228149e-02
1.022878438234329224e-01
-5.061848461627960205e-02
4.079661890864372253e-02
1.522279679775238037e-01
5.744343996047973633e-02
3.390031307935714722e-02
1.115929707884788513e-01
-3.760342020541429520e-03
-9.204053319990634918e-03
-1.264416426420211792e-01
-3.801159188151359558e-02
-1.489133387804031372e-01
-4.809118062257766724e-02
-4.110073405172443017e-06
-1.330831050872802734e-01
3.469462394714355469e-01
1.225023567676544189e-01
2.284331247210502625e-02
1.106784194707870483e-01
1.113194525241851807e-01
-1.578674614429473877e-01
2.979876473546028137e-03
-1.319465343840420246e-03
4.210285097360610962e-02
-4.698843229562044144e-03
-6.297224014997482300e-02
3.181566670536994934e-02
-2.863691747188568115e-02
1.147423125803470612e-02
1.497432322139502503e-06
-1.486988067626953125e-01
6.586409360170364380e-02
3.582568094134330750e-02
9.876727126538753510e-03
-1.708869040012359619e-01
-4.854348301887512207e-02
6.721998453140258789e-01
2.837675213813781738e-01
-1.196729913353919983e-01
1.896814554929733276e-01
1.222294643521308899e-01
-2.089542523026466370e-02
-2.465668618679046631e-01
1.046790480613708496e-01
-8.041617274284362793e-02
4.183277269476093352e-06
1.426025331020355225e-01
8.202522248029708862e-02
-1.143345013260841370e-01
-2.648383378982543945e-01
9.845081716775894165e-02
8.768206834793090820e-02
1.158676948398351669e-02
-1.375467889010906219e-02
4.696013405919075012e-02
8.769411593675613403e-02
4.413382336497306824e-02
6.787477433681488037e-02
-1.948329037986695766e-03
1.620865613222122192e-02
2.082696706056594849e-01
-1.953461651282850653e-05
-1.258045434951782227e-02
-4.425262510776519775e-01
4.462423920631408691e-02
6.040146946907043457e-02
-2.377153187990188599e-01
1.147596612572669983e-01
-1.502806395292282104e-01
-1.499284524470567703e-02
-5.368522182106971741e-02
4.863404855132102966e-02
6.672269105911254883e-02
3.097140192985534668e-01
-2.670356631278991699e-01
9.507142007350921631e-02
6.558301299810409546e-02
-4.613090277416631579e-05
-1.197942569851875305e-01
8.226521313190460205e-02
2.058002725243568420e-02
-1.735090017318725586e-01
-6.671195849776268005e-03
-2.110713347792625427e-02
1.249355450272560120e-02
9.068075567483901978e-02
6.833030283451080322e-02
-2.322974950075149536e-01
3.814603760838508606e-02
2.852613329887390137e-01
-4.767034202814102173e-02
-1.066819503903388977e-01
7.400061935186386108e-02
-4.671234637498855591e-05
-7.137119770050048828e-02
-2.943318523466587067e-02
-2.578104734420776367e-01
2.581788301467895508e-01
-5.241014808416366577e-02
8.636981993913650513e-02
-1.049568876624107361e-02
-7.694961130619049072e-02
-2.194927781820297241e-01
2.152777463197708130e-01
1.197414398193359375e-01
1.972877532243728638e-01
-1.990400068461894989e-02
8.253037929534912109e-02
-7.355763763189315796e-02
-2.725204103626310825e-05
-7.925919443368911743e-02
-8.259952813386917114e-02
1.577738821506500244e-01
-1.776283085346221924e-01
-1.010254770517349243e-01
1.939176917076110840e-01
-6.825374066829681396e-02
-2.281100898981094360e-01
-2.160017639398574829e-01
3.474826514720916748e-01
1.305812895298004150e-01
-2.284844517707824707e-01
2.153065800666809082e-01
4.151037335395812988e-02
-9.543412923812866211e-02
7.956300578371156007e-06
2.905421517789363861e-02
-1.146684866398572922e-02
2.226105779409408569e-01
-6.861032545566558838e-02
-1.826013997197151184e-02
1.144260466098785400e-01
4.880975186824798584e-02
1.058190092444419861e-01
-4.012263938784599304e-02
4.233302175998687744e-02
-1.323779970407485962e-01
-1.546931117773056030e-01
-1.976861655712127686e-01
-2.481890842318534851e-02
1.086917370557785034e-01
-4.064177846885286272e-05
1.674984991550445557e-01
-3.200527280569076538e-02
1.397840958088636398e-02
1.454322934150695801e-01
-2.198706753551959991e-02
1.417206674814224243e-01
1.702114939689636230e-01
1.724632531404495239e-01
1.129693910479545593e-01
1.758129298686981201e-01
2.305840887129306793e-02
5.770336464047431946e-02
-2.210290580987930298e-01
-1.978116631507873535e-01
2.278769463300704956e-01
-1.064024672814412042e-05
8.676774799823760986e-02
1.082147136330604553e-01
-1.063786633312702179e-02
-1.235644519329071045e-01
2.415760792791843414e-02
-1.793010532855987549e-01
6.403327733278274536e-02
2.436495870351791382e-01
-1.051798537373542786e-01
2.096670866012573242e-02
-4.892290011048316956e-02
1.282711029052734375e-01
-3.693830966949462891e-01
1.800753325223922729e-01
-1.074586957693099976e-01
-8.930292096920311451e-06
-7.100416719913482666e-02
-2.714616619050502777e-02
-4.628540016710758209e-03
3.204747289419174194e-02
2.627407573163509369e-02
1.682328432798385620e-01
-3.119445964694023132e-02
1.017994154244661331e-02
4.670843109488487244e-02
4.531519711017608643e-01
5.351715907454490662e-02
4.580966662615537643e-03
1.692218892276287079e-02
-1.035654842853546143e-01
2.290280535817146301e-02
4.111965608899481595e-05
4.941829829476773739e-04
-3.062408603727817535e-02
9.123418480157852173e-02
-2.016319930553436279e-01
-5.636494606733322144e-02
-1.377361565828323364e-01
-2.399749681353569031e-02
5.311817675828933716e-02
-1.457802355289459229e-01
-8.829772472381591797e-02
9.931948035955429077e-02
-1.387053728103637695e-01
-1.019296497106552124e-01
-1.206434704363346100e-02
-3.211292997002601624e-02
1.906516990857198834e-05
-3.735702857375144958e-02
-1.507364362478256226e-01
-2.605010867118835449e-01
-1.077545285224914551e-01
1.452521048486232758e-02
3.513603806495666504e-01
-4.763909673783928156e-04
-1.585934758186340332e-01
3.131593763828277588e-02
-2.133973501622676849e-02
1.122628748416900635e-01
6.145449727773666382e-02
9.362074546515941620e-03
-7.331336289644241333e-02
-1.652706861495971680e-01
-2.853716250683646649e-05
-1.914455182850360870e-02
7.354279607534408569e-02
8.805285394191741943e-02
5.045859813690185547e-01
9.105451405048370361e-03
-1.449194848537445068e-01
3.976016119122505188e-02
-1.076112240552902222e-01
-2.453112602233886719e-01
-1.932493150234222412e-01
-1.068696193397045135e-02
4.015745222568511963e-02
9.105186164379119873e-02
4.682830274105072021e-01
-6.604453176259994507e-02
4.462922879611141980e-05
6.017378345131874084e-02
-1.363965868949890137e-02
-1.193327307701110840e-01
9.656147658824920654e-02
-1.161783654242753983e-02
3.239789977669715881e-02
4.053350910544395447e-02
"
"
0.0287168 0.0474801 -0.000993264 0.00842065 0.0251947 -0.0241249 0.0385905 0.0228192 0.028243 0.0299361 0.0274153 -0.00750583 0.0233076 -0.00148425 -0.00364368 0.00999697 -0.000409469 0.00528258 0.0098613 0.00109777 -0.0123158 0.00178387 0.00468467 0.0512928 0.00235471 0.0291872 0.0147014 0.00286811 -0.00583511 0.00890427 -0.0149624 0.0194099 -0.0142692 0.0042502 -0.00879527 0.0577424 0.0353079 0.0186272 0.0221233 -0.0091565 0.0237284 0.00431112 0.0482576 0.0412089 0.0230411 0.0157139 0.0252495 0.00550647 0.0351881 0.0380302 -0.0114289 0.0243996 -0.0188806 0.00874059 0.00875851 0.00269559 0.0233609 0.0242508 0.0340646 0.0350603 0.0153342 -0.011513 0.0315682 0.00278022
