-1.207066725328331813e-05
-9.921512173605151474e-06
7.248636848089518026e-06
-1.742913082125596702e-05
-2.891295707740937360e-06
-6.710177785862470046e-06
-7.107165078679145154e-09
-3.425894101383164525e-05
-8.490161235386040062e-06
-1.993405021494254470e-05
-1.252623064829094801e-06
-1.024823541229125112e-05
5.989669716655043885e-06
-1.937237357196863741e-06
-2.747515100054442883e-05
-5.933901547905406915e-07
-8.594612154411152005e-06
-2.096475327562075108e-05
-2.471966945449821651e-05
-1.363340288662584499e-05
-3.215767719666473567e-06
-1.609419086889829487e-05
-2.733091423579026014e-05
8.523504220647737384e-06
-3.093528357567265630e-05
-1.234424144058721140e-05
-1.393203274346888065e-05
-3.000381184392608702e-05
-1.444132612959947437e-05
-2.623651562316808850e-05
2.834750830515986308e-06
5.659151611325796694e-06
-2.499584115867037326e-05
-1.162030730483820662e-05
-1.293607056140899658e-05
-2.432111386951874010e-06
-2.063144529529381543e-05
-2.579422834969591349e-05
-1.299627456319285557e-05
6.151417437649797648e-06
-1.526825144537724555e-06
4.177476057520834729e-06
-5.553457867790712044e-06
-6.446035058615962043e-06
-5.109246558276936412e-06
-2.581800254120025784e-05
-5.519366368389455602e-06
-1.747667374729644507e-05
5.302840122567431536e-07
-1.561323188070673496e-05
-1.599067945790011436e-05
-1.542238715046551079e-05
-1.496234744990943000e-05
-2.027255504799541086e-05
-1.660582893237005919e-05
-2.019387284235563129e-05
-3.430818469496443868e-05
-5.394459549279417843e-06
3.580791599233634770e-06
-6.950775059522129595e-06
-5.240101472736569121e-06
-1.499118752690264955e-05
-1.140154017775785178e-05
-3.087793447775766253e-05
-2.977916301460936666e-05
6.039643722033360973e-06
-2.956728712888434529e-05
-5.233984666119795293e-06
4.268418251740513369e-06
-2.362491500207397621e-07
-7.464329428330529481e-06
-5.967670404061209410e-06
-2.738902185228653252e-05
-2.323461194464471191e-05
-1.728039751469623297e-05
-1.290113050345098600e-05
-9.462938237447815482e-07
-1.174677981907734647e-05
2.830724497471237555e-06
4.246822300046915188e-06
-1.834858994698151946e-05
3.602131641855521593e-07
-1.155138670583255589e-05
-1.791783688531722873e-05
5.352589596441248432e-06
1.044510918291052803e-05
-2.743755430856253952e-05
-1.730578514980152249e-05
-1.907541081891395152e-05
4.849150627705967054e-06
-7.988764991750940681e-06
5.511198651220183820e-06
-1.021630305331200361e-05
-1.291297758143628016e-05
-1.974200313270557672e-05
-1.404150862072128803e-05
-1.591516956978011876e-05
-1.295054971706122160e-05
-2.354604475840460509e-05
-7.013816230028169230e-06
-3.567366366041824222e-05
-6.352158379741013050e-06
4.463660843612160534e-06
5.631043222820153460e-06
-7.471378012269269675e-06
6.678487807221245021e-06
2.540528839745093137e-06
-1.373827035422436893e-05
8.192175300791859627e-06
-1.885491474240552634e-05
-1.116372459364356473e-05
2.320055727977887727e-06
-1.368946777802193537e-05
-3.240710066165775061e-05
-1.159912244474980980e-05
-5.481608695845352486e-07
7.367963007709477097e-06
-1.778152363840490580e-05
-1.909244701892021112e-06
-1.138168863690225407e-05
-3.227974593755789101e-05
-2.976289215439464897e-05
4.512996909511457488e-08
1.699890646023050067e-07
-7.520697636209661141e-06
-1.952563434315379709e-05
3.797145154749159701e-06
-3.931885714791860664e-07
-2.128821506630629301e-05
-8.379657629120629281e-06
-7.796812496962957084e-06
-5.085132102067291271e-07
1.094598428608151153e-05
-4.983643975720042363e-06
-1.467600395699264482e-05
-2.947081884485669434e-05
-2.000238282562349923e-06
6.630314146605087444e-06
-2.316926111234351993e-05
-2.308771945536136627e-05
-1.929775135067757219e-05
-6.072421911085257307e-06
-1.106249055737862363e-05
-2.232595034001860768e-05
1.297236576647264883e-05
2.921731493188417517e-06
-1.534826515126042068e-05
1.057261852110968903e-05
-8.923546374717261642e-06
-5.754860922024818137e-06
-1.605097713763825595e-05
-1.629815869819140062e-06
-2.815483458107337356e-05
6.570495315827429295e-06
1.272959906373216654e-07
-2.560051143518649042e-05
5.002237230655737221e-06
1.161009731731610373e-05
9.331432011094875634e-06
-2.717430834309197962e-05
-1.033164608088554814e-05
9.696364031697157770e-06
-8.109577720460947603e-06
3.344876404298702255e-06
-1.997696745092980564e-05
4.709653239842737094e-06
6.118550572864478454e-06
3.282705165474908426e-06
-2.215931090177036822e-05
-2.685002264968261443e-08
2.398723609076114371e-06
8.815547971607884392e-07
-1.378752313030418009e-05
-2.170360130548942834e-05
1.382767277391394600e-05
-2.200924200224108063e-06
-3.061773213630658574e-06
-2.455464709782972932e-06
1.591437467141076922e-06
7.993970029929187149e-06
-1.623360367375425994e-05
-3.481353360257344320e-06
-1.130109103542054072e-05
-2.177479291276540607e-05
1.932154418682330288e-06
-1.221010916196973994e-05
-5.930910901952302083e-06
-6.116497843322576955e-06
-2.411738387309014797e-05
-1.265500941372010857e-05
1.065123251464683563e-05
-1.424369474989362061e-05
2.138520585504011251e-06
4.381854068924440071e-06
-2.322224099771119654e-05
-1.106344006984727457e-05
-7.003185601206496358e-06
-6.090137048886390403e-06
-1.753142169036436826e-05
-2.650230453582480550e-05
-9.053413123183418065e-06
2.335181761736748740e-06
-1.528359462099615484e-05
-2.336461693630553782e-05
1.087409486899559852e-06
3.869459760608151555e-06
4.065894700033823028e-06
-2.373639472352806479e-05
-1.759804763423744589e-05
-4.042681666760472581e-06
-5.363373020372819155e-06
-1.564933154440950602e-05
-6.406969077943358570e-06
-1.367900267723598517e-06
-3.752767270270851441e-06
-5.840748599439393729e-06
-2.555241735535673797e-05
-8.643476576253306121e-06
-6.886567007313715294e-06
-2.553164995333645493e-05
-1.343480653304141015e-05
3.852146164717851207e-06
-1.289714236918371171e-05
-3.177665348630398512e-05
-2.684134233277291059e-05
1.003077159111853689e-05
-1.886589416244532913e-05
-6.997787522777798586e-07
1.091199555958155543e-05
-1.266770505026215687e-05
-1.180237632070202380e-05
4.055653789691859856e-06
-3.816433036263333634e-06
-1.086889096768572927e-05
-1.651506499911192805e-05
-3.443180321482941508e-05
-1.467279162170598283e-05
5.455378868646221235e-06
2.234354360552970320e-05
-5.491647243616171181e-07
-1.512393055236316286e-07
-1.312996209890116006e-05
-3.006877341249492019e-05
-1.778493424353655428e-05
-1.189752219943329692e-05
-1.797460208763368428e-05
-4.363337575341574848e-05
1.701102155493572354e-05
-1.555686321808025241e-05
-3.550662950146943331e-05
-6.035224942024797201e-06
-1.362589136988390237e-05
-8.910362339520361274e-06
-1.445353973394958302e-05
-1.164957939181476831e-05
-2.064230830001179129e-05
4.742777491628658026e-06
-1.730451731418725103e-05
2.471757852617884055e-06
-1.209362744702957571e-05
-1.205892112920992076e-05
-2.516348286007996649e-05
-1.266491472051711753e-05
-2.338458398298826069e-05
-7.991739948920439929e-06
1.035031618812354282e-05
-1.183503809443209320e-05
-2.199093250965233892e-05
-4.350934887042967603e-06
-5.881772267457563430e-06
-8.296132364193908870e-06
-1.307603906752774492e-05
-1.598965354787651449e-05
9.535186109133064747e-06
9.502727152721490711e-06
1.955216248461510986e-06
-1.374012572341598570e-05
-1.882317701529245824e-05
-2.241284528281539679e-05
-1.848092506406828761e-05
-1.668086611061880831e-06
-2.233224586234427989e-05
5.038814379076939076e-06
-2.207352918048854917e-05
4.961839749739738181e-06
1.289031206397339702e-05
-1.088170120056020096e-05
-4.957521468895720318e-06
-1.287276446819305420e-01
1.652173995971679688e-01
-9.704925119876861572e-02
4.323006421327590942e-02
-1.867371238768100739e-02
1.974210888147354126e-01
1.780194044113159180e-01
-1.737020164728164673e-01
-6.715865433216094971e-02
9.936507046222686768e-02
-2.508236281573772430e-02
-7.160986959934234619e-02
-1.170351877808570862e-01
2.215818036347627640e-03
9.202029556035995483e-03
9.475891292095184326e-02
3.114240802824497223e-02
-2.430565422400832176e-03
-8.926925063133239746e-02
-3.941156715154647827e-02
-1.499775331467390060e-02
3.484524488449096680e-01
2.125239744782447815e-02
-2.383737359195947647e-03
-9.208720922470092773e-02
3.693280220031738281e-01
-4.110430926084518433e-02
3.885126858949661255e-02
-6.406932324171066284e-02
-5.008891597390174866e-02
3.872302128002047539e-03
-1.169508136808872223e-02
-3.764049336314201355e-02
-7.933533191680908203e-02
-2.149414829909801483e-02
8.230924606323242188e-02
-7.106343656778335571e-02
4.894148185849189758e-02
7.875647861510515213e-05
-1.193495243787765503e-01
-3.493010997772216797e-02
-6.676838546991348267e-02
5.337582826614379883e-01
-4.144304990768432617e-01
1.668130755424499512e-01
1.517828255891799927e-01
1.306931767612695694e-02
-3.983915597200393677e-02
1.202322263270616531e-02
7.658647745847702026e-02
-8.346835966221988201e-04
-5.148890614509582520e-02
2.775690145790576935e-02
-4.891259223222732544e-02
1.327429711818695068e-01
-1.139290817081928253e-02
-1.508403122425079346e-01
-1.802639812231063843e-01
1.251832209527492523e-02
1.435053497552871704e-01
-9.227000176906585693e-02
-7.372803241014480591e-02
-4.531824961304664612e-02
-4.278248548507690430e-02
-1.518519818782806396e-01
1.622592955827713013e-01
7.820859551429748535e-02
5.148861557245254517e-02
-1.944123581051826477e-02
8.810361474752426147e-02
1.023380681872367859e-01
1.019476801156997681e-01
-9.859679639339447021e-02
-1.232937350869178772e-01
4.422319307923316956e-02
-3.528523072600364685e-02
-9.391932934522628784e-02
-5.842988193035125732e-02
8.220040053129196167e-02
5.610088109970092773e-01
2.763493359088897705e-01
9.811173379421234131e-02
5.414447784423828125e-01
-9.897097945213317871e-02
-1.245349943637847900e-01
4.293416813015937805e-02
6.893248111009597778e-02
-1.951278299093246460e-01
-5.970228835940361023e-02
7.782739400863647461e-02
-8.209690451622009277e-03
-1.867469027638435364e-02
-9.630413353443145752e-02
5.164873600006103516e-02
7.357946742558851838e-05
2.706793881952762604e-02
-4.203036800026893616e-02
-1.485059037804603577e-03
-4.303721711039543152e-02
6.012329459190368652e-01
1.606285721063613892e-01
-2.810382470488548279e-02
1.774352276697754860e-03
-2.171518094837665558e-02
-2.542970515787601471e-02
-2.569805132225155830e-03
5.331373587250709534e-02
7.526744157075881958e-02
1.729496121406555176e-01
3.260141611099243164e-01
1.577309370040893555e-01
4.513997137546539307e-01
1.369076780974864960e-02
3.453772068023681641e-01
1.129173338413238525e-01
-3.530920948833227158e-03
2.532445490360260010e-01
-7.289519906044006348e-02
1.716324687004089355e-02
2.009808458387851715e-02
4.919350519776344299e-02
9.610479697585105896e-03
1.827799528837203979e-01
-2.441412508487701416e-01
6.415297836065292358e-02
-4.124003648757934570e-02
-2.905113995075225830e-01
1.395587474107742310e-01
-2.325196377933025360e-02
-1.686086505651473999e-01
-2.192808687686920166e-01
-1.926080137491226196e-02
1.124931201338768005e-01
-3.450055420398712158e-02
6.315298378467559814e-02
-2.425767481327056885e-02
2.051738789305090904e-03
-1.436496526002883911e-02
1.333960890769958496e-01
-9.967751801013946533e-03
5.430619698017835617e-03
2.518029697239398956e-02
3.417576253414154053e-01
-1.354759633541107178e-01
5.913935974240303040e-02
8.418337441980838776e-03
1.247644722461700439e-01
-7.336160540580749512e-02
-1.279609277844429016e-02
-4.151675850152969360e-02
-1.089580208063125610e-01
5.981446504592895508e-01
-4.432928934693336487e-02
-1.078066974878311157e-01
4.377637803554534912e-02
5.313830822706222534e-02
-3.798986319452524185e-03
-7.778735458850860596e-02
5.713940039277076721e-02
-1.344535127282142639e-02
2.500091195106506348e-01
1.067260373383760452e-02
5.546309351921081543e-01
3.074361709877848625e-03
-2.502086758613586426e-02
-3.021009266376495361e-02
-1.500527746975421906e-02
1.652042716741561890e-01
1.204013600945472717e-01
3.334852159023284912e-01
2.672512829303741455e-01
6.053083762526512146e-02
-5.881142616271972656e-02
6.619685143232345581e-02
3.145355284214019775e-01
1.094646677374839783e-01
-5.704789236187934875e-02
2.900105027947574854e-04
-6.884095072746276855e-02
-5.168230831623077393e-02
-1.078112870454788208e-01
-1.959362067282199860e-02
3.586679929867386818e-03
1.190308365039527416e-03
-2.711516618728637695e-02
-1.337050343863666058e-04
-1.395554840564727783e-01
-1.699932734481990337e-03
2.012124210596084595e-01
-1.341759972274303436e-02
9.365230053663253784e-02
-1.752414852380752563e-01
-3.992416262626647949e-01
-6.141453981399536133e-01
-2.222915552556514740e-02
8.025958389043807983e-02
-8.632013946771621704e-02
8.861435949802398682e-02
2.138938456773757935e-01
1.859607547521591187e-01
1.561188399791717529e-01
3.954275697469711304e-02
5.238546133041381836e-01
3.121631741523742676e-01
2.724184691905975342e-01
-2.930363416671752930e-01
1.188959553837776184e-01
4.883797839283943176e-02
-6.690334528684616089e-02
3.977786377072334290e-02
1.300722360610961914e-01
-3.324454724788665771e-01
2.796870842576026917e-02
6.574227660894393921e-02
-4.771723151206970215e-01
2.645711898803710938e-01
1.292264312505722046e-01
7.547882199287414551e-02
6.375179439783096313e-02
-7.800115644931793213e-02
8.702631294727325439e-02
1.966440230607986450e-01
-1.037320792675018311e-01
1.034893393516540527e-01
1.584579497575759888e-01
2.022916078567504883e-01
9.060952067375183105e-02
-1.305548250675201416e-01
8.665850758552551270e-02
-4.461013078689575195e-01
2.266166172921657562e-02
-5.328723192214965820e-01
2.117657065391540527e-01
1.326558291912078857e-01
2.358476668596267700e-01
-8.220280520617961884e-03
-6.117091774940490723e-01
-7.392375916242599487e-02
4.117825627326965332e-02
1.454751193523406982e-01
-9.782507270574569702e-02
-2.842513620853424072e-01
5.086610093712806702e-03
2.065946906805038452e-01
1.915943622589111328e-01
1.712907291948795319e-02
6.884450465440750122e-02
9.677646309137344360e-02
-3.069997727870941162e-01
-5.865995772182941437e-03
-4.393554329872131348e-01
5.705975741147994995e-02
-4.148649983108043671e-03
4.737314768135547638e-03
3.516293466091156006e-01
-6.326004266738891602e-01
-2.972406335175037384e-02
-9.159436076879501343e-02
1.047036796808242798e-01
7.728403806686401367e-02
1.701471507549285889e-01
-1.622105687856674194e-01
2.620324194431304932e-01
2.159448340535163879e-02
2.316537797451019287e-01
2.961740493774414062e-01
-1.853141933679580688e-02
-1.704733371734619141e-01
7.259531319141387939e-02
-1.926534809172153473e-02
-1.139178965240716934e-02
2.494456917047500610e-01
7.683369517326354980e-02
6.543278694152832031e-02
3.963983058929443359e-02
-5.828554630279541016e-01
-1.184685900807380676e-01
-2.716403603553771973e-01
2.425242662429809570e-01
-1.292814463376998901e-01
-2.555246949195861816e-01
3.096131980419158936e-01
2.643344551324844360e-02
-5.324214696884155273e-01
8.319208025932312012e-02
-1.776413619518280029e-01
1.714058965444564819e-01
1.724639348685741425e-02
1.076540425419807434e-01
-1.866918504238128662e-01
3.784956410527229309e-02
7.942499220371246338e-02
-8.898653835058212280e-02
-1.301006376743316650e-01
-1.307577192783355713e-01
1.862122267484664917e-01
4.870665725320577621e-03
-1.732326671481132507e-02
3.803493082523345947e-02
2.360677532851696014e-02
9.124125353991985321e-03
-7.294141501188278198e-02
9.696582704782485962e-02
-4.613832104951143265e-03
-7.230631075799465179e-03
-3.312936052680015564e-02
4.919345956295728683e-03
3.619126603007316589e-02
-4.940118268132209778e-02
-9.232261031866073608e-02
-1.154519021511077881e-01
1.028413139283657074e-02
5.043349862098693848e-01
-8.655347675085067749e-02
-4.471311718225479126e-02
-1.441831421107053757e-02
3.177573531866073608e-02
3.219505399465560913e-02
-4.591433703899383545e-02
8.867455273866653442e-02
1.533004175871610641e-02
-2.859454788267612457e-02
-3.690212219953536987e-02
-3.055608458817005157e-02
-4.539342224597930908e-02
-6.202008202672004700e-02
7.437101099640130997e-03
6.403873115777969360e-02
-1.579478732310235500e-03
5.478764697909355164e-02
1.389755159616470337e-01
-1.641784906387329102e-01
-1.334680914878845215e-01
-1.675855219364166260e-01
-5.212705954909324646e-02
3.973693400621414185e-02
3.151397919282317162e-03
-8.510403335094451904e-02
-5.028155446052551270e-02
-1.129773538559675217e-02
-1.087758224457502365e-02
2.898137271404266357e-01
1.840298473834991455e-01
1.540109068155288696e-01
7.946769893169403076e-02
2.264600098133087158e-01
-7.705873996019363403e-02
-1.024538204073905945e-01
4.156317189335823059e-02
-3.557354211807250977e-01
5.979268625378608704e-02
-8.941901847720146179e-03
-6.518501788377761841e-02
-1.799910515546798706e-01
-6.587850302457809448e-02
-5.463982746005058289e-02
4.614970460534095764e-02
1.786464476026594639e-03
-3.874175250530242920e-02
-2.718944847583770752e-01
1.468132287263870239e-01
6.141188368201255798e-02
-5.769987404346466064e-02
6.974326446652412415e-03
4.983133971691131592e-01
-1.593921706080436707e-02
-8.697214536368846893e-03
1.665471494197845459e-01
-1.577527821063995361e-01
-1.872360892593860626e-02
1.094006821513175964e-01
6.335759907960891724e-02
1.812849640846252441e-01
-2.542875707149505615e-02
6.135330796241760254e-01
1.861907243728637695e-01
-1.478432677686214447e-03
-2.165208011865615845e-02
-1.014549583196640015e-01
-5.024864897131919861e-02
-6.631418317556381226e-02
4.753623157739639282e-02
5.902116298675537109e-01
-8.339745551347732544e-02
-1.052833870053291321e-01
-6.260221451520919800e-02
-3.338478878140449524e-02
2.019396796822547913e-02
8.536753244698047638e-03
-2.125526070594787598e-01
-8.771591633558273315e-02
-1.934643834829330444e-01
2.906826734542846680e-01
7.936684042215347290e-02
3.751358985900878906e-01
3.580537140369415283e-01
3.328613191843032837e-02
1.003415659070014954e-01
-3.432067111134529114e-02
7.234986126422882080e-02
-2.131244987249374390e-01
2.025883048772811890e-01
2.757957391440868378e-02
8.195118047297000885e-03
7.550992071628570557e-02
1.100792288780212402e-01
3.357546031475067139e-01
4.485125541687011719e-01
7.929510623216629028e-02
-3.520725294947624207e-02
-2.280072681605815887e-02
-4.662163183093070984e-02
3.246747851371765137e-01
-1.176491156220436096e-01
-8.592083305120468140e-02
2.052025683224201202e-02
3.756787627935409546e-03
1.973808929324150085e-02
-1.080491486936807632e-02
4.730200860649347305e-03
-2.564390748739242554e-02
1.855110675096511841e-01
1.434167148545384407e-03
-1.798887401819229126e-01
4.185396432876586914e-01
6.733334809541702271e-02
1.458807736635208130e-01
1.825838387012481689e-01
-9.582299739122390747e-02
-1.815890520811080933e-01
-2.532073482871055603e-02
-1.014259010553359985e-01
2.784732282161712646e-01
3.816145285964012146e-02
-1.922844909131526947e-02
2.723101293668150902e-03
3.158735334873199463e-01
-1.431078016757965088e-01
9.243538975715637207e-02
1.809503138065338135e-02
-9.648561477661132812e-02
2.648509480059146881e-02
4.604293107986450195e-01
-9.460003674030303955e-02
2.235843613743782043e-02
3.971289843320846558e-03
3.437840938568115234e-01
2.442712485790252686e-01
-1.207850724458694458e-01
-1.596974879503250122e-01
1.128048636019229889e-02
-2.256379462778568268e-02
-5.985753610730171204e-02
-7.904042303562164307e-02
-3.490733681246638298e-03
-2.034773677587509155e-02
-7.730797678232192993e-02
9.775933623313903809e-02
4.245507717132568359e-02
2.715108990669250488e-01
5.545245483517646790e-02
-7.436461746692657471e-02
-5.905912443995475769e-02
1.839738190174102783e-01
3.293735161423683167e-02
5.882619693875312805e-02
-5.255583208054304123e-03
-9.133666753768920898e-03
-1.547705084085464478e-01
1.557552665472030640e-01
4.704573005437850952e-02
-9.442240744829177856e-02
1.874946951866149902e-01
2.649567425251007080e-01
2.565009146928787231e-02
3.771176338195800781e-01
-1.696698665618896484e-01
-1.980093419551849365e-01
9.097458422183990479e-02
6.152401491999626160e-02
2.340228110551834106e-01
-4.899273626506328583e-03
-1.851133815944194794e-02
4.316698759794235229e-02
2.490823566913604736e-01
2.180397212505340576e-01
4.583196714520454407e-02
-1.679213717579841614e-02
-1.247450262308120728e-01
4.689363241195678711e-01
2.403465360403060913e-01
2.995059490203857422e-01
8.258128911256790161e-02
4.940791055560112000e-02
1.895103603601455688e-02
-3.071186691522598267e-02
-1.588879227638244629e-01
-3.093914687633514404e-01
1.136934850364923477e-02
-2.731224335730075836e-02
5.276244599372148514e-03
-7.010631263256072998e-02
-1.238307133316993713e-01
-1.263853013515472412e-01
-2.566902153193950653e-02
1.124919801950454712e-01
9.246071428060531616e-02
-1.060031801462173462e-01
3.527782261371612549e-01
-9.842214640229940414e-04
-1.521986722946166992e-01
8.879481814801692963e-03
-1.127885356545448303e-01
7.076034694910049438e-02
7.278226781636476517e-03
-8.089412748813629150e-02
1.301222108304500580e-02
1.533565074205398560e-01
-1.053340733051300049e-01
1.743685305118560791e-01
-1.347419768571853638e-01
4.883686602115631104e-01
7.392577081918716431e-02
-1.402209401130676270e-01
-5.168002471327781677e-02
-1.569827795028686523e-01
-1.096335798501968384e-01
5.516888573765754700e-02
4.593249857425689697e-01
3.002012372016906738e-01
-1.155555993318557739e-01
1.602242141962051392e-01
-1.018141359090805054e-01
4.873019177466630936e-03
1.817301730625331402e-03
5.086775054223835468e-04
-2.176444679498672485e-01
-4.390500113368034363e-02
-1.145310401916503906e-01
4.578407853841781616e-02
4.490501582622528076e-01
-3.622309118509292603e-02
3.376855850219726562e-01
-1.561401784420013428e-01
-7.172755897045135498e-02
2.193827331066131592e-01
1.686213538050651550e-02
3.736422210931777954e-02
-8.504609018564224243e-02
3.833132982254028320e-01
-3.637875244021415710e-02
7.545115053653717041e-02
1.464826613664627075e-01
1.527247577905654907e-01
3.373024165630340576e-01
4.028452038764953613e-01
1.301303971558809280e-02
-9.888257086277008057e-02
-2.080606967210769653e-01
1.286080572754144669e-02
-2.212290279567241669e-02
4.670478105545043945e-01
1.124600321054458618e-02
-1.283838450908660889e-01
2.638819217681884766e-01
-2.915200777351856232e-02
6.634987890720367432e-02
2.501176856458187103e-02
3.155659437179565430e-01
-1.062706112861633301e-02
-4.370892420411109924e-03
-8.527978509664535522e-02
-4.634546115994453430e-03
3.574152886867523193e-01
-4.053686931729316711e-02
2.669946849346160889e-01
1.664029434323310852e-02
1.397972255945205688e-01
-2.014121599495410919e-02
3.452851995825767517e-02
-7.028114050626754761e-02
-1.911221593618392944e-01
1.171054467558860779e-01
2.421190291643142700e-01
4.898689091205596924e-01
-8.734755218029022217e-02
-1.223882958292961121e-01
-3.209097087383270264e-01
2.208597660064697266e-01
-1.129933819174766541e-01
-9.812373667955398560e-02
-5.371411889791488647e-02
1.612573117017745972e-01
2.098723500967025757e-02
4.792118817567825317e-02
-1.374557167291641235e-01
-5.825072154402732849e-02
-5.999301746487617493e-02
2.433397620916366577e-01
4.679156243801116943e-01
3.788518661167472601e-04
-5.137370526790618896e-02
6.984424591064453125e-02
-4.848516732454299927e-02
-4.615463912487030029e-01
3.098254203796386719e-01
2.954461053013801575e-02
-4.024002701044082642e-02
1.462844163179397583e-01
7.929689437150955200e-02
5.265176668763160706e-02
-1.179677899926900864e-02
1.800851896405220032e-02
9.767936170101165771e-02
1.002726852893829346e-01
8.361840248107910156e-02
5.574969649314880371e-01
-3.684925287961959839e-02
3.575178980827331543e-02
-5.301521345973014832e-02
8.455605059862136841e-02
1.350663006305694580e-01
6.175584718585014343e-02
-2.861449960619211197e-03
-3.672501742839813232e-01
7.793860975652933121e-03
1.702382788062095642e-02
1.747187227010726929e-01
4.517380595207214355e-01
-1.173745170235633850e-01
-3.568896651268005371e-02
-5.693749710917472839e-02
9.231798350811004639e-02
2.282137796282768250e-02
3.302867710590362549e-02
2.905929386615753174e-01
-1.441657077521085739e-02
-6.483424454927444458e-03
-3.064461350440979004e-01
1.629935353994369507e-01
9.300920180976390839e-03
1.138842031359672546e-01
-9.730605408549308777e-03
2.844336256384849548e-02
2.721321880817413330e-01
3.919800370931625366e-02
4.005912244319915771e-01
-3.698302665725350380e-03
1.372716873884201050e-01
2.553843259811401367e-01
-4.367736633867025375e-03
-3.848219215869903564e-01
2.899166196584701538e-02
7.373109459877014160e-02
8.206199854612350464e-02
6.170577555894851685e-02
6.891760230064392090e-02
-7.100389897823333740e-02
-4.984460026025772095e-02
6.318544596433639526e-02
-5.742022395133972168e-02
-1.649746894836425781e-01
4.858781397342681885e-02
-2.896489575505256653e-02
-1.602554023265838623e-01
4.048095270991325378e-02
3.906100988388061523e-02
1.856116205453872681e-01
9.738533943891525269e-02
6.412511318922042847e-02
8.236529305577278137e-03
7.391214370727539062e-02
4.088665917515754700e-02
-2.375777997076511383e-02
-1.861055344343185425e-01
1.410215646028518677e-01
-7.599288970232009888e-02
-1.987323909997940063e-02
1.435019969940185547e-01
-2.820888459682464600e-01
-2.454305589199066162e-01
-2.861215919256210327e-02
3.498972626402974129e-03
8.536884188652038574e-02
-4.839968308806419373e-02
6.264019012451171875e-02
6.762310117483139038e-02
-8.861569687724113464e-03
1.555876582860946655e-01
-4.003359004855155945e-03
-3.965181112289428711e-01
-4.736192524433135986e-03
-1.821788027882575989e-02
8.081051707267761230e-02
1.251232922077178955e-01
-6.600018590688705444e-02
3.216952979564666748e-01
1.348261833190917969e-01
1.682215183973312378e-01
-1.715870350599288940e-01
1.995476037263870239e-01
5.387760698795318604e-02
-6.737583782523870468e-03
1.038732938468456268e-02
-7.164144515991210938e-02
7.835298031568527222e-02
3.052013814449310303e-01
-9.729017317295074463e-02
2.694489657878875732e-01
3.948350623250007629e-02
-8.748163282871246338e-02
-3.834776580333709717e-02
-1.422331184148788452e-01
-1.628903448581695557e-01
1.864905506372451782e-01
-1.221363316290080547e-03
-2.245741896331310272e-02
8.618535846471786499e-02
-2.698399312794208527e-02
-2.125431597232818604e-01
1.400341093540191650e-01
1.657102257013320923e-02
1.213813051581382751e-01
1.143536046147346497e-01
-3.988958522677421570e-02
-2.038026452064514160e-01
2.219216153025627136e-02
4.643168300390243530e-02
-1.289079040288925171e-01
-2.460213452577590942e-01
2.587520182132720947e-01
1.354230642318725586e-01
-6.741550564765930176e-02
1.229797229170799255e-01
6.035039573907852173e-02
1.189433410763740540e-01
-1.465352475643157959e-01
-3.124540485441684723e-02
7.721383590251207352e-03
-8.442513644695281982e-04
-4.694696068763732910e-01
-1.199410930275917053e-01
-1.533456593751907349e-01
-3.283343464136123657e-02
-2.127156704664230347e-01
-8.917216211557388306e-03
-3.022841364145278931e-02
2.159194499254226685e-01
1.027926579117774963e-01
1.834046212024986744e-03
-9.713933616876602173e-02
2.530159652233123779e-01
-6.341665238142013550e-02
1.585071347653865814e-02
4.765088856220245361e-02
-2.670214697718620300e-02
1.718016564846038818e-01
6.454496085643768311e-02
5.118137598037719727e-01
-7.304565608501434326e-02
1.408022493124008179e-01
2.511209622025489807e-02
-2.298150360584259033e-01
2.002208530902862549e-01
2.330580502748489380e-01
-3.063493072986602783e-01
2.703850269317626953e-01
-5.262497812509536743e-02
-3.213151916861534119e-02
2.612960711121559143e-02
7.592084351927042007e-03
-3.941501677036285400e-02
6.639699935913085938e-01
1.480842195451259613e-02
-2.860205247998237610e-02
-4.128603264689445496e-02
1.100039016455411911e-02
-1.336992345750331879e-02
3.080386295914649963e-02
4.668748378753662109e-02
4.399506747722625732e-01
-8.877389132976531982e-02
4.338053166866302490e-01
-9.701015800237655640e-02
4.706582054495811462e-02
6.649054288864135742e-01
-1.104608401656150818e-01
1.247675903141498566e-02
3.680726513266563416e-02
4.244876280426979065e-02
1.545871514827013016e-02
2.861616434529423714e-03
-4.481226950883865356e-02
8.994158357381820679e-03
-1.227727979421615601e-01
3.801000490784645081e-02
4.207167401909828186e-02
5.525325611233711243e-02
2.164961397647857666e-01
-1.852569133043289185e-01
-2.348531782627105713e-02
-1.754143508151173592e-03
1.360968947410583496e-01
-3.459655866026878357e-02
1.888642087578773499e-02
3.675417392514646053e-04
-3.128014206886291504e-01
5.196328088641166687e-02
1.862871577031910419e-03
1.143088936805725098e-02
9.141600877046585083e-02
7.415270805358886719e-02
-2.863237634301185608e-03
-8.971652947366237640e-03
1.070314496755599976e-01
2.122567296028137207e-01
3.135095536708831787e-02
4.129438195377588272e-03
-1.405054926872253418e-01
1.367308348417282104e-01
-1.407859288156032562e-02
-1.477383077144622803e-01
3.377105593681335449e-01
1.420260518789291382e-01
5.532355047762393951e-03
6.987242493778467178e-03
2.622373774647712708e-02
-9.194202721118927002e-03
2.323501510545611382e-03
9.661289304494857788e-02
2.884032577276229858e-02
1.302393060177564621e-02
3.745848238468170166e-01
2.029042504727840424e-02
3.724250495433807373e-01
5.509201288223266602e-01
2.125807851552963257e-02
-2.250723727047443390e-02
-2.695429883897304535e-02
-1.488335132598876953e-01
-3.017477504909038544e-02
-9.354133158922195435e-02
-1.231368333101272583e-01
4.991720244288444519e-02
1.318275034427642822e-01
-3.692266345024108887e-01
-1.369389295578002930e-01
1.222842633724212646e-01
-4.471193533390760422e-03
-4.215110093355178833e-02
-5.503831803798675537e-02
1.169712934643030167e-02
-5.736511200666427612e-02
-1.181324571371078491e-02
1.214717105031013489e-01
-1.854053735733032227e-01
1.070436164736747742e-01
-3.080920130014419556e-02
1.179446429014205933e-01
4.703826270997524261e-03
-6.383346021175384521e-02
-2.297964505851268768e-02
7.815364003181457520e-02
1.374679058790206909e-01
2.632399797439575195e-01
2.880561947822570801e-01
-2.284255810081958771e-02
7.868292741477489471e-03
2.850800156593322754e-01
-4.631463903933763504e-03
-1.540342718362808228e-01
-4.673546552658081055e-02
-1.273848563432693481e-01
-1.324346065521240234e-01
-3.032782971858978271e-01
-2.950839996337890625e-01
-2.634992897510528564e-01
4.685043394565582275e-01
-6.930338591337203979e-02
-4.549915343523025513e-02
7.596507668495178223e-02
2.256388403475284576e-02
-4.422131553292274475e-02
8.214523643255233765e-02
1.481228917837142944e-01
-1.601440273225307465e-02
4.073341190814971924e-01
-2.036494314670562744e-01
4.224327579140663147e-02
-1.231847330927848816e-02
-2.657201886177062988e-02
-7.638718467205762863e-03
-1.916220486164093018e-01
-4.068152606487274170e-02
1.192177906632423401e-01
-5.612311139702796936e-02
-1.387496739625930786e-01
2.660775557160377502e-03
-4.529326781630516052e-02
-7.153074443340301514e-02
-1.872592791914939880e-02
2.878528237342834473e-01
-6.492545362561941147e-04
2.569971382617950439e-01
-1.462516784667968750e-01
-1.445850282907485962e-01
-2.174083888530731201e-02
-8.658731728792190552e-02
3.290515244007110596e-01
7.013993710279464722e-02
1.863108947873115540e-02
-1.535641402006149292e-01
-4.666509851813316345e-02
1.206784471869468689e-01
-5.682390183210372925e-03
-1.705094575881958008e-01
-1.513570845127105713e-01
1.077654063701629639e-01
-1.866247318685054779e-02
-1.117837498895823956e-03
9.629298001527786255e-02
6.551093608140945435e-02
4.236805140972137451e-01
1.145942322909832001e-02
-6.509415805339813232e-02
4.457819834351539612e-02
-3.208882510662078857e-01
4.208759367465972900e-01
9.242334961891174316e-02
7.031166553497314453e-02
-2.852844074368476868e-02
-8.346455544233322144e-02
-9.238615632057189941e-02
1.461161859333515167e-02
-1.724859178066253662e-01
7.974384725093841553e-02
-1.794117838144302368e-01
-1.965457797050476074e-01
6.713265925645828247e-02
9.112355113029479980e-02
1.301230043172836304e-01
2.342697605490684509e-02
6.719654053449630737e-02
-1.327286511659622192e-01
-6.225443631410598755e-02
-1.040715947747230530e-01
-1.837813877500593662e-03
3.340897560119628906e-01
1.000068858265876770e-01
4.851040244102478027e-02
1.215903367847204208e-02
1.873915344476699829e-01
3.117360472679138184e-01
-2.428185343742370605e-01
7.495015859603881836e-03
4.990004897117614746e-01
-2.328939735889434814e-02
5.684024840593338013e-02
6.662166863679885864e-02
-5.882967263460159302e-02
-8.548744767904281616e-02
8.758705109357833862e-02
-9.198155603371560574e-04
5.854293704032897949e-02
3.988312557339668274e-02
9.783061593770980835e-02
-3.080856204032897949e-01
3.064257791265845299e-03
-2.126959413290023804e-01
-6.807716935873031616e-02
-5.048228893429040909e-03
6.758343428373336792e-02
-4.506623744964599609e-02
8.201745897531509399e-02
1.196859031915664673e-01
6.594474613666534424e-02
-2.712906301021575928e-01
1.081845816224813461e-02
3.758264780044555664e-01
4.304260760545730591e-02
4.469545930624008179e-02
-2.689394168555736542e-02
1.023829504847526550e-01
-2.464624941349029541e-01
-9.297421202063560486e-04
-2.146846801042556763e-01
-2.883654236793518066e-01
3.721392154693603516e-02
1.865738928318023682e-01
-4.227122664451599121e-01
-1.381789743900299072e-01
6.190339848399162292e-02
-1.718000173568725586e-01
1.373373996466398239e-02
-4.001654982566833496e-01
-9.641070663928985596e-02
-3.978841602802276611e-01
6.323602795600891113e-02
1.306013111025094986e-02
1.029301136732101440e-01
-3.296295106410980225e-01
-1.407668590545654297e-01
2.944537699222564697e-01
1.355221718549728394e-01
6.584808975458145142e-02
-8.329694718122482300e-02
-8.543243631720542908e-03
1.531624197959899902e-01
1.374993920326232910e-01
-1.205462887883186340e-01
-1.175583451986312866e-01
-3.595741689205169678e-01
-3.453899621963500977e-01
7.455410808324813843e-02
9.238954633474349976e-02
1.079163178801536560e-01
7.446102052927017212e-02
2.094651907682418823e-01
2.211722880601882935e-01
-3.515927791595458984e-01
-1.878186613321304321e-01
3.851303458213806152e-02
6.593922525644302368e-02
6.950291991233825684e-02
1.738238893449306488e-02
8.944150805473327637e-02
9.110615402460098267e-02
-5.843598768115043640e-02
6.404420733451843262e-02
-3.153458610177040100e-02
-1.876149177551269531e-01
1.601302623748779297e-01
1.936802864074707031e-01
1.188513473607599735e-03
1.661272160708904266e-02
2.055541276931762695e-01
1.737639904022216797e-01
-1.022686064243316650e-01
-1.866118237376213074e-02
3.292538225650787354e-01
1.884611696004867554e-01
-1.370252966880798340e-01
-1.441958099603652954e-01
5.759322270750999451e-02
-1.659765839576721191e-01
2.313864044845104218e-02
2.029070556163787842e-01
5.554624646902084351e-02
1.336818486452102661e-01
-1.209762245416641235e-01
3.096915781497955322e-01
1.709985435009002686e-01
-1.573013812303543091e-01
1.531626582145690918e-01
2.171371281147003174e-01
-1.849428378045558929e-02
-1.500995606184005737e-01
-4.598917439579963684e-03
5.008858442306518555e-01
-1.218035351485013962e-02
-1.849123090505599976e-01
2.206052243709564209e-01
1.043574213981628418e-01
-5.642570555210113525e-03
-1.091527268290519714e-01
4.518814012408256531e-02
2.939035594463348389e-01
3.770397901535034180e-01
-1.033246051520109177e-02
1.017521172761917114e-01
-1.783978193998336792e-02
-3.449333831667900085e-02
2.786768078804016113e-01
3.398844301700592041e-01
1.965822838246822357e-02
5.006524324417114258e-01
-2.462466992437839508e-02
-3.855625540018081665e-02
-1.375071257352828979e-01
-1.666877269744873047e-01
-3.293250501155853271e-02
7.230758666992187500e-02
-5.659090727567672729e-02
2.987929880619049072e-01
4.411851465702056885e-01
-7.076302915811538696e-02
2.521706819534301758e-01
-5.893507506698369980e-03
3.920483887195587158e-01
-3.287305124104022980e-03
3.664019331336021423e-02
4.844465255737304688e-01
-6.285042967647314072e-03
-1.932234168052673340e-01
-1.675494760274887085e-02
-1.222599372267723083e-01
-2.087031751871109009e-01
2.555364742875099182e-02
6.927417218685150146e-02
-9.308909624814987183e-02
3.730807453393936157e-02
2.464482188224792480e-01
6.387806683778762817e-02
1.259340345859527588e-01
2.315197288990020752e-01
-1.807006746530532837e-01
1.587686091661453247e-01
-6.278713047504425049e-02
-1.337729394435882568e-01
1.885893791913986206e-01
-3.289136290550231934e-02
-3.711631288751959801e-03
1.469511687755584717e-01
-3.805364295840263367e-02
5.582005903124809265e-02
-1.514330208301544189e-01
-6.795346736907958984e-02
8.542850613594055176e-02
3.851864039897918701e-01
2.870697900652885437e-02
8.634287863969802856e-02
-1.336684972047805786e-01
-2.662617154419422150e-02
-1.325721144676208496e-01
-2.734477818012237549e-02
-1.425143480300903320e-01
-3.975044190883636475e-02
-2.168097347021102905e-02
1.866572536528110504e-02
-1.145129576325416565e-01
-1.852779239416122437e-01
1.912667155265808105e-01
3.690088540315628052e-02
9.170109033584594727e-02
2.419045269489288330e-01
-1.077592279762029648e-02
-3.572106361389160156e-02
3.662611171603202820e-02
-3.731001866981387138e-03
8.661331236362457275e-02
-5.514807254076004028e-02
4.612394869327545166e-01
8.579037338495254517e-02
8.130155503749847412e-02
-2.718670526519417763e-03
3.632871508598327637e-01
-9.097106009721755981e-02
-4.818771407008171082e-02
4.275721311569213867e-02
-1.350176930427551270e-01
-2.499185502529144287e-02
-1.714274287223815918e-01
-9.406966157257556915e-03
9.950234554708003998e-03
9.435453452169895172e-03
1.224383935332298279e-01
1.482613831758499146e-01
-1.276688883081078529e-03
-1.380372606217861176e-02
2.211083658039569855e-02
-2.383800595998764038e-02
-2.721249498426914215e-02
4.205532371997833252e-03
2.506436780095100403e-02
-4.931750521063804626e-02
6.019742786884307861e-02
-2.330709993839263916e-01
3.163452148437500000e-01
3.326553851366043091e-03
3.435693979263305664e-01
-8.751066029071807861e-02
1.853982545435428619e-02
9.186115264892578125e-01
3.884266316890716553e-02
-4.466368257999420166e-02
-2.398556284606456757e-02
-3.231025114655494690e-02
-8.839754760265350342e-02
2.101805657148361206e-01
1.143274679780006409e-01
4.080572724342346191e-02
8.098488673567771912e-03
1.057164222002029419e-01
3.929979801177978516e-01
1.846634782850742340e-02
8.036162853240966797e-01
1.309942901134490967e-01
-7.923340424895286560e-03
-1.806098073720932007e-01
-3.204292804002761841e-02
2.461799830198287964e-01
3.143500071018934250e-04
4.818229353986680508e-04
-6.716728210449218750e-03
9.130606800317764282e-02
1.650609076023101807e-02
4.998572170734405518e-02
4.901426285505294800e-02
-3.907475769519805908e-01
9.930825978517532349e-02
2.659829892218112946e-02
-2.109522931277751923e-02
2.864863276481628418e-01
7.748292386531829834e-02
-5.119043216109275818e-02
-1.043059453368186951e-01
4.464931190013885498e-01
-1.938090771436691284e-01
3.171785920858383179e-02
7.996737957000732422e-02
-2.412572503089904785e-02
-2.390326745808124542e-02
1.325466763228178024e-02
2.932415157556533813e-02
1.139433868229389191e-02
-1.503553986549377441e-02
-3.970018327236175537e-01
3.176108002662658691e-02
-3.526319265365600586e-01
2.807409316301345825e-02
4.574241116642951965e-02
1.298344973474740982e-02
1.003765687346458435e-02
5.104225873947143555e-02
-6.800368428230285645e-02
1.056771725416183472e-01
1.635700464248657227e-01
9.616778232157230377e-03
-5.365185439586639404e-02
3.334003984928131104e-01
-3.033678606152534485e-02
1.378103196620941162e-01
-1.585972458124160767e-01
-2.126226387917995453e-02
-2.794432640075683594e-02
-3.003828413784503937e-02
-7.417064160108566284e-02
-2.367145847529172897e-03
7.994917780160903931e-02
7.257336378097534180e-02
2.884503640234470367e-02
-2.783914096653461456e-02
7.156008481979370117e-02
-1.727022975683212280e-02
-1.448542624711990356e-01
1.257591322064399719e-02
9.568664431571960449e-02
1.771785616874694824e-01
"
"
2.43733e-07 6.57264e-07 -8.65897e-07 0.0450079 0.00563278 0.0683963 0.0608043 0.0405134 -0.0626318 -0.103242 0.0687825 0.0626015 0.0172784 0.0518017 -0.0649261 0.0556981
