3.506055873003788292e-05
4.177134542260318995e-05
3.904771074303425848e-05
-8.134208474075421691e-05
8.920799155021086335e-05
9.035170660354197025e-05
2.739920455496758223e-04
1.566678838571533561e-05
-2.143803867511451244e-04
9.919070180330891162e-06
-4.183213750366121531e-04
2.013356606767047197e-05
-1.368609373457729816e-04
2.362820087000727654e-04
-1.870757550932466984e-04
-6.598324398510158062e-05
3.449433279456570745e-05
-1.328121925325831398e-06
-3.567560634110122919e-05
-2.889115735888481140e-02
-7.097572088241577148e-02
-2.734193503856658936e-01
-1.636249572038650513e-01
2.438233643770217896e-01
3.700765594840049744e-02
-2.620144560933113098e-02
-3.144111717119812965e-03
-8.014202117919921875e-02
7.179663777351379395e-01
9.816035628318786621e-02
1.849135383963584900e-02
-5.775880068540573120e-02
-5.656538178300252184e-06
1.781573519110679626e-05
-4.404555875225923955e-05
2.850549519062042236e-01
-4.721596091985702515e-02
8.089474439620971680e-01
-9.580501914024353027e-02
1.118007004261016846e-01
-3.989054262638092041e-02
-2.464485168457031250e-02
-1.070258319377899170e-01
-3.532118722796440125e-02
-2.588245570659637451e-01
-9.278727322816848755e-02
-1.633942313492298126e-02
-6.023434177041053772e-02
-4.816535511054098606e-05
-3.792950519709847867e-05
-1.946224801940843463e-05
1.579844138177577406e-05
1.561629760544747114e-04
-9.034871618496254086e-05
2.563939488027244806e-04
5.237025907263159752e-04
-1.462841464672237635e-04
-3.207784902770072222e-04
1.235684030689299107e-04
-2.060795814031735063e-04
-4.343984473962336779e-04
-6.169571406644536182e-06
-1.081537338905036449e-04
6.482023309217765927e-05
-2.585592483228538185e-05
1.925044125528074801e-05
-3.596394526539370418e-05
-1.899058930575847626e-02
-1.258474886417388916e-01
1.274661335628479719e-04
-1.306317746639251709e-01
5.474599450826644897e-02
-6.899397354573011398e-03
-2.056617140769958496e-01
-8.070515841245651245e-02
-1.859881728887557983e-01
4.641352891921997070e-01
-8.552185446023941040e-02
1.552403904497623444e-03
-1.484014242887496948e-01
4.409420580486766994e-05
-3.427920455578714609e-05
-3.125646617263555527e-05
-1.787329614162445068e-01
1.366144865751266479e-01
2.485993504524230957e-01
2.930052876472473145e-01
2.312024086713790894e-01
9.253361821174621582e-02
-3.219041600823402405e-02
-4.539955779910087585e-02
7.911191135644912720e-02
-3.904221057891845703e-01
-2.809308841824531555e-02
4.624922201037406921e-02
5.865820124745368958e-02
3.103894050582312047e-05
-6.943321864127938170e-07
4.738905317935859784e-06
-1.213911846280097961e-01
1.851332746446132660e-02
1.128783822059631348e-02
-1.516463309526443481e-01
-6.690977513790130615e-02
-3.432576777413487434e-03
-1.615722663700580597e-02
-5.667551606893539429e-02
-1.045988798141479492e-01
-1.178137585520744324e-02
-9.999851137399673462e-02
4.157696850597858429e-03
1.952733397483825684e-01
-4.590192020259564742e-06
-3.985114744864404202e-05
3.419941322135855444e-06
6.926641613245010376e-02
1.675552725791931152e-01
-2.047796919941902161e-02
1.997534930706024170e-01
-5.355985835194587708e-02
4.307497143745422363e-01
4.535377398133277893e-02
1.871330291032791138e-02
9.713143110275268555e-02
1.846317201852798462e-02
1.045508310198783875e-01
-5.004392266273498535e-01
1.380987614393234253e-01
-8.481220902467612177e-06
1.120405249821487814e-05
-3.544941137079149485e-05
1.020301431417465210e-01
1.092967614531517029e-01
-1.366524249315261841e-01
1.428403258323669434e-01
3.295021057128906250e-01
-1.499312222003936768e-01
-4.589385092258453369e-01
1.074268221855163574e-01
5.412279441952705383e-02
2.341083586215972900e-01
1.788873523473739624e-01
-1.533899009227752686e-01
7.356411963701248169e-02
9.695679636934073642e-07
-7.014857146714348346e-06
-2.344336098758503795e-05
5.527035892009735107e-02
-1.853630542755126953e-01
-1.502238214015960693e-01
2.914805412292480469e-01
-2.405860126018524170e-01
-7.190605998039245605e-02
2.776466310024261475e-01
2.308379486203193665e-02
1.662050336599349976e-01
1.094866171479225159e-01
5.597418639808893204e-03
-1.265536695718765259e-01
-1.464244127273559570e-01
4.673896182794123888e-05
-1.981471359613351524e-05
-4.069283022545278072e-05
-6.413549184799194336e-03
5.010614991188049316e-01
-8.926794677972793579e-02
1.601932793855667114e-01
9.964264929294586182e-02
1.499807368963956833e-02
1.488667875528335571e-01
6.695676594972610474e-02
-1.274420917034149170e-01
3.716274350881576538e-02
-8.068103343248367310e-02
5.124835669994354248e-02
-2.011060863733291626e-01
-4.468482802622020245e-05
1.658136170590296388e-05
-4.809542588191106915e-05
1.036488711833953857e-01
1.122887246310710907e-02
4.582120776176452637e-01
2.340893149375915527e-01
-1.493439823389053345e-01
-5.326310396194458008e-01
-1.150014922022819519e-01
9.220069646835327148e-02
6.168224662542343140e-02
-7.393379509449005127e-02
2.589748241007328033e-02
1.171674020588397980e-02
4.198842123150825500e-02
2.076834243780467659e-05
4.445355079951696098e-05
-3.176763129886239767e-05
6.459891796112060547e-02
2.311050333082675934e-02
1.352260559797286987e-01
2.035280466079711914e-01
-1.487886905670166016e-01
-3.066666126251220703e-01
-2.166258394718170166e-01
-5.295588448643684387e-02
5.407049506902694702e-02
-3.439594432711601257e-02
8.370482176542282104e-02
4.991246461868286133e-01
-9.587473236024379730e-03
-3.171411663061007857e-05
-3.905776247847825289e-05
3.442535671638324857e-05
-7.835419476032257080e-02
5.528013706207275391e-01
5.048107728362083435e-02
-2.546996809542179108e-02
1.601517386734485626e-02
1.898874156177043915e-02
-5.042403191328048706e-02
-6.426499783992767334e-02
-4.834412634372711182e-01
-5.554725416004657745e-03
-1.202616374939680099e-02
-1.019637286663055420e-02
-3.615195304155349731e-02
5.580845936492551118e-06
4.279112908989191055e-05
-1.473911470384337008e-05
3.401994109153747559e-01
-2.057483196258544922e-01
-1.541098207235336304e-01
-1.059249341487884521e-01
3.995059803128242493e-02
5.195787549018859863e-02
1.102979555726051331e-01
-1.329193115234375000e-01
-3.057071566581726074e-01
5.371265113353729248e-02
-5.717416852712631226e-02
1.405722945928573608e-01
2.677738368511199951e-01
-3.409102282603271306e-05
4.725476537714712322e-05
9.757720363268163055e-06
-2.754598855972290039e-02
-2.337276190519332886e-02
-3.457326814532279968e-02
-4.450637474656105042e-02
5.558193922042846680e-01
7.169330865144729614e-02
-3.850090503692626953e-01
1.706702858209609985e-01
1.599347218871116638e-02
-1.716422438621520996e-01
2.596604637801647186e-02
2.153112739324569702e-01
-6.098302081227302551e-02
-4.510590588324703276e-05
2.329956805624533445e-05
4.064210952492430806e-05
-1.570870913565158844e-02
-4.218417704105377197e-01
6.543013453483581543e-02
2.734236121177673340e-01
2.552402019500732422e-01
-3.292582556605339050e-02
-1.091436669230461121e-01
2.585374750196933746e-02
2.337381690740585327e-01
-7.493688166141510010e-02
-1.566283404827117920e-02
-7.064674794673919678e-02
7.751365751028060913e-02
-1.796543801901862025e-05
-2.325621608179062605e-05
-3.638046837295405567e-05
1.423321217298507690e-01
-4.228137731552124023e-01
-1.935383677482604980e-02
8.016130328178405762e-02
2.249313518404960632e-02
-3.300010785460472107e-02
-3.047195672988891602e-01
1.050222069025039673e-01
2.258462458848953247e-01
-1.920301318168640137e-01
2.422809600830078125e-02
-1.606733798980712891e-01
2.125990986824035645e-01
3.792758434428833425e-05
-2.741381831583566964e-05
4.366067514638416469e-05
4.052125662565231323e-02
4.884921759366989136e-02
9.178347885608673096e-02
4.704382270574569702e-02
-2.078231871128082275e-01
-1.958635449409484863e-01
-4.814124405384063721e-01
-7.410658523440361023e-03
2.055411599576473236e-02
-1.984927505254745483e-01
2.795528620481491089e-02
5.639519095420837402e-01
2.376487851142883301e-02
2.544895505707245320e-05
-4.718709533335641026e-05
2.113953814841806889e-05
-4.277136176824569702e-02
-9.937690570950508118e-03
1.462284028530120850e-01
-1.450736541301012039e-02
1.823973655700683594e-01
-3.349603712558746338e-01
5.650407075881958008e-01
9.381410665810108185e-03
-1.194882765412330627e-02
-1.176006533205509186e-02
-3.306318540126085281e-03
-3.607290983200073242e-01
-3.519764542579650879e-02
2.429156120342668146e-05
-2.094402407237794250e-05
2.606445741548668593e-05
-3.003576025366783142e-02
3.342837095260620117e-02
-4.074636846780776978e-03
-1.749532222747802734e-01
-7.782728970050811768e-02
4.564516246318817139e-02
1.104043200612068176e-01
6.705234050750732422e-01
5.948847532272338867e-02
-1.896188557147979736e-01
-4.012472629547119141e-01
-4.591083899140357971e-02
5.823694914579391479e-02
-1.384939332638168707e-05
1.175635134131880477e-05
-3.845911851385608315e-05
6.503677964210510254e-01
1.263124048709869385e-01
-1.537882834672927856e-01
-2.506205253303050995e-02
1.334595382213592529e-01
-1.055738329887390137e-01
7.613038271665573120e-02
-1.217124834656715393e-01
7.461432367563247681e-03
-1.827401667833328247e-02
-5.020892620086669922e-02
3.752616420388221741e-02
-7.672701030969619751e-02
1.792451985238585621e-05
-1.496702316217124462e-05
-4.025609450764022768e-05
4.238592833280563354e-02
8.266742527484893799e-02
2.569993138313293457e-01
-1.092706769704818726e-01
-5.990137904882431030e-02
-3.172423243522644043e-01
-2.276356071233749390e-01
2.589193880558013916e-01
2.995914965867996216e-02
-1.664149388670921326e-02
-1.518574208021163940e-01
4.687066674232482910e-01
5.097646266222000122e-02
-4.517261550063267350e-05
-4.515054388321004808e-05
3.234931864426471293e-05
1.082313954830169678e-01
4.946341738104820251e-02
-5.406943336129188538e-02
1.621455699205398560e-01
5.497634410858154297e-02
-2.190927043557167053e-02
-6.845967727713286877e-04
6.777843926101922989e-03
-5.178795456886291504e-01
1.910332590341567993e-02
-4.028881713747978210e-02
-8.686782419681549072e-02
2.079626768827438354e-01
8.686200999363791198e-06
-2.309491173946298659e-05
-6.932719998076208867e-07
1.190070435404777527e-01
4.750044271349906921e-02
-7.936659455299377441e-02
-1.153273284435272217e-01
-2.644252777099609375e-01
1.080647185444831848e-01
-4.466245174407958984e-01
6.339639425277709961e-01
8.366923034191131592e-02
2.633361816406250000e-01
-7.000616192817687988e-02
-3.176694810390472412e-01
3.549091517925262451e-02
-1.084451741917291656e-05
-3.179203122272156179e-05
2.989855602208990604e-05
4.584744200110435486e-02
4.076061025261878967e-02
-9.843263030052185059e-02
-2.678402885794639587e-02
-1.602398976683616638e-02
-5.555235743522644043e-01
-5.304309129714965820e-01
4.729216098785400391e-01
4.506926238536834717e-02
2.072132825851440430e-01
1.267759501934051514e-01
8.705902099609375000e-02
2.380625344812870026e-02
-3.944337368011474609e-05
3.442605520831421018e-05
2.387562017247546464e-05
4.475326091051101685e-02
8.664796501398086548e-02
3.209066763520240784e-02
-3.419390693306922913e-02
6.770222634077072144e-02
3.797962069511413574e-01
-3.221844136714935303e-01
3.083744645118713379e-01
-2.969094319269061089e-03
-1.165421456098556519e-01
-7.329215109348297119e-02
-2.354421168565750122e-01
4.277969151735305786e-02
-2.451199725328478962e-05
3.995505539933219552e-05
-4.588656884152442217e-05
5.796067416667938232e-02
5.061680078506469727e-02
2.034628205001354218e-02
3.381771966814994812e-02
3.138589859008789062e-01
1.172141451388597488e-02
-2.372989505529403687e-01
-3.378522768616676331e-02
-2.499717622995376587e-01
-2.109433710575103760e-01
1.275914758443832397e-01
6.547331809997558594e-02
1.592520475387573242e-01
-3.565701263141818345e-05
-6.174910140543943271e-06
-3.843676677206531167e-05
-2.961395308375358582e-02
4.066859185695648193e-02
8.772213757038116455e-02
3.844974040985107422e-01
1.407274901866912842e-01
7.789280265569686890e-03
-1.220743507146835327e-01
-1.025814712047576904e-01
5.032579600811004639e-02
-5.293227359652519226e-02
9.794374555349349976e-02
-1.129833385348320007e-01
-4.049807190895080566e-01
-2.812608181557152420e-05
8.685577085998374969e-06
8.913761462281399872e-07
1.864237152040004730e-02
-7.334580644965171814e-03
6.616904139518737793e-01
8.740517497062683105e-02
-4.148000106215476990e-02
-3.696212470531463623e-01
-4.809598624706268311e-02
-2.034450881183147430e-02
8.255957625806331635e-03
-2.594083547592163086e-01
-8.916459232568740845e-02
-4.139288663864135742e-01
1.581279002130031586e-02
-4.800725946552120149e-05
-4.851176709053106606e-05
-2.110252353304531425e-06
-9.505738504230976105e-03
-3.671392798423767090e-01
-3.572401031851768494e-02
1.391383111476898193e-01
2.197444289922714233e-01
5.455444753170013428e-02
8.905778825283050537e-02
1.787852123379707336e-02
-3.770576417446136475e-01
3.249710798263549805e-02
-1.992279104888439178e-02
1.148831695318222046e-01
-7.867494970560073853e-02
1.780052298272494227e-05
-1.685681490926072001e-05
2.823649447236675769e-05
8.100177347660064697e-02
-3.756530880928039551e-01
-1.950698532164096832e-02
6.888621021062135696e-03
1.691827774047851562e-01
-3.941688314080238342e-02
-2.841721288859844208e-02
1.115085929632186890e-02
5.632929205894470215e-01
-1.198266353458166122e-02
-1.436258759349584579e-02
-8.436476811766624451e-03
3.779852390289306641e-01
-3.458424544078297913e-05
3.072959952987730503e-05
-2.806652082654181868e-05
1.897859126329421997e-01
8.682199567556381226e-02
4.284965991973876953e-01
1.482509225606918335e-01
-1.611632704734802246e-01
6.801000982522964478e-02
-1.569816917181015015e-01
6.064089015126228333e-02
4.277056828141212463e-02
1.311522126197814941e-01
1.488972268998622894e-02
-6.825625300407409668e-01
6.629200279712677002e-02
3.743226625374518335e-05
-2.958409095299430192e-05
3.469877992756664753e-05
3.553989343345165253e-03
-1.041821576654911041e-02
3.561113476753234863e-01
1.037197932600975037e-01
-2.191889733076095581e-01
7.183197736740112305e-01
-3.019193410873413086e-01
-8.413890004158020020e-02
-3.158944845199584961e-02
-2.681259624660015106e-02
7.846234738826751709e-02
-3.872664272785186768e-01
-1.153458561748266220e-02
-3.097122680628672242e-05
2.275086444569751620e-05
-7.747301424387842417e-06
-1.448208093643188477e-01
-2.624903321266174316e-01
-7.926235347986221313e-02
4.351437985897064209e-01
-7.643119990825653076e-02
8.290158212184906006e-02
5.941481143236160278e-02
-4.683186858892440796e-02
1.380690187215805054e-01
1.907844096422195435e-02
-1.250385791063308716e-01
1.197941601276397705e-01
6.111532915383577347e-03
1.162075750471558422e-05
4.695772440754808486e-05
-2.881479667848907411e-05
-2.086240649223327637e-01
3.578850999474525452e-02
-4.076029360294342041e-01
-1.055696904659271240e-01
-2.067386358976364136e-02
1.635341048240661621e-01
4.599109888076782227e-01
-2.368473820388317108e-02
-1.225924957543611526e-02
-5.261888727545738220e-02
-8.813819848001003265e-03
1.984108239412307739e-01
-3.060008399188518524e-02
2.109564229613170028e-05
6.962673523958073929e-06
-6.971339189476566389e-06
3.705346211791038513e-02
-3.292949795722961426e-01
-9.158371016383171082e-03
2.246968001127243042e-01
8.577565848827362061e-02
2.346169576048851013e-02
5.623833090066909790e-02
4.994904994964599609e-02
-4.083948731422424316e-01
2.966831962112337351e-04
2.880003862082958221e-02
-5.043157190084457397e-02
3.493554890155792236e-01
1.521409740234958008e-05
2.588135612313635647e-05
-3.765092696994543076e-05
1.125281080603599548e-01
1.605020463466644287e-01
1.160779315978288651e-02
1.395873874425888062e-01
2.185904420912265778e-02
-3.598142564296722412e-01
-4.641049802303314209e-01
1.531643271446228027e-01
6.459457427263259888e-02
-6.062607467174530029e-02
1.164159551262855530e-01
2.166909873485565186e-01
7.267155498266220093e-02
-2.638387559272814542e-05
2.430231688776984811e-06
2.282856621604878455e-05
8.808916807174682617e-02
1.599293351173400879e-01
2.936591580510139465e-02
5.015852302312850952e-02
-1.274487655609846115e-02
-1.407344639301300049e-01
-3.371474519371986389e-02
-3.471479518339037895e-03
-4.394171833992004395e-01
4.401046410202980042e-02
-3.610952943563461304e-02
-1.232233792543411255e-01
2.040663957595825195e-01
4.718948912341147661e-05
1.974843871721532196e-05
6.769300398445921019e-06
-1.736652702093124390e-01
9.380356967449188232e-02
-7.067043334245681763e-02
2.449148446321487427e-01
1.273257285356521606e-01
1.491690799593925476e-02
-1.619702391326427460e-02
-1.733367741107940674e-01
-2.900235652923583984e-01
3.388470411300659180e-02
6.907662749290466309e-02
4.832913167774677277e-03
1.304572522640228271e-01
-4.735307811642996967e-05
-3.800650301855057478e-05
-1.920406066346913576e-05
4.018538892269134521e-01
1.531207263469696045e-01
-1.751233488321304321e-01
-1.494793295860290527e-01
6.814482063055038452e-02
-1.160121522843837738e-02
-2.926338016986846924e-01
-3.518371656537055969e-02
9.712053090333938599e-02
1.603589504957199097e-01
-1.000071838498115540e-01
1.554146595299243927e-02
8.539145439863204956e-02
4.397313387016765773e-05
-3.631119761848822236e-05
2.903445783886127174e-05
9.391082078218460083e-02
1.237878724932670593e-01
-2.715183235704898834e-02
2.074638903141021729e-01
-3.503682464361190796e-02
-4.492617249488830566e-01
9.756931662559509277e-02
-1.186547130346298218e-01
9.187067300081253052e-02
4.089909791946411133e-02
3.047682717442512512e-02
4.272936582565307617e-01
8.635747432708740234e-02
-3.780475162784568965e-05
-2.936493274319218472e-06
-6.342640517686959356e-06
-2.717618830502033234e-02
2.043613232672214508e-02
8.280537277460098267e-02
4.303723201155662537e-02
-9.582647122442722321e-03
-1.640027016401290894e-01
-3.769677598029375076e-03
-2.911644876003265381e-01
5.368858575820922852e-02
-1.411939561367034912e-01
4.420636594295501709e-01
2.331283986568450928e-01
6.642814725637435913e-02
-2.742103242781013250e-05
1.368998619000194594e-05
3.026443300768733025e-05
-1.325804293155670166e-01
8.207942545413970947e-02
2.227443456649780273e-01
4.465138912200927734e-01
-9.029174223542213440e-03
-7.895587384700775146e-02
-3.018119744956493378e-02
-5.610911548137664795e-02
6.541869789361953735e-02
-3.501457273960113525e-01
-2.189491391181945801e-01
-5.899008363485336304e-02
2.019360661506652832e-02
2.287536335643380880e-05
-3.619222843553870916e-05
-4.543738032225519419e-05
1.702582836151123047e-02
-1.005236208438873291e-01
-1.175676472485065460e-02
-2.716717310249805450e-02
1.012113317847251892e-01
-3.375663887709379196e-03
-4.534783214330673218e-02
-3.916230425238609314e-02
-4.815740883350372314e-01
2.725340612232685089e-02
-2.002358064055442810e-02
6.238216068595647812e-03
6.971955895423889160e-01
-3.528298475430347025e-05
1.555814151288359426e-06
-2.456174479448236525e-05
1.286764740943908691e-01
1.348704006522893906e-02
1.026876121759414673e-01
-2.147828042507171631e-02
1.236329674720764160e-01
-2.549142837524414062e-01
-3.408506512641906738e-01
1.312157809734344482e-01
1.073117107152938843e-01
-1.612879633903503418e-01
2.271946519613265991e-01
-2.602331340312957764e-01
1.005673781037330627e-01
-2.891783879022113979e-05
-2.661748476384673268e-05
-1.182558753498597071e-05
7.088749855756759644e-02
1.671541184186935425e-01
-2.137732803821563721e-01
8.398937433958053589e-02
-2.982689142227172852e-01
-7.878947257995605469e-02
3.286974430084228516e-01
-5.841969326138496399e-02
4.984661564230918884e-02
9.589761495590209961e-02
-4.924701154232025146e-02
-3.970205187797546387e-01
8.419219404458999634e-02
-1.058960060618119314e-05
3.765983274206519127e-05
3.750480391317978501e-05
-1.100034788250923157e-01
-4.758057296276092529e-01
-8.081568032503128052e-02
3.031453192234039307e-01
-1.023494750261306763e-01
-2.838174812495708466e-02
5.442698672413825989e-02
-1.903062164783477783e-01
1.372686177492141724e-01
5.942577496170997620e-02
-2.635749056935310364e-02
3.501833998598158360e-04
1.606282740831375122e-01
-3.362525603733956814e-05
3.447875133133493364e-05
-3.369458136148750782e-05
1.775489151477813721e-01
2.333009988069534302e-02
-2.274740040302276611e-01
5.231785029172897339e-02
-7.445399463176727295e-02
-3.198873698711395264e-01
5.516993999481201172e-02
1.110635772347450256e-01
-1.734313182532787323e-02
5.411463975906372070e-01
5.593058466911315918e-02
-2.169081568717956543e-01
-1.319185364991426468e-02
-1.706915827526245266e-05
5.036947914049960673e-05
-1.575254282215610147e-05
-7.782375905662775040e-03
-2.691085450351238251e-03
1.635832041501998901e-01
1.220016404986381531e-01
6.504721194505691528e-02
-4.065744578838348389e-01
-4.769536852836608887e-01
9.572707861661911011e-02
5.804748274385929108e-03
-8.375823497772216797e-02
1.573935151100158691e-01
-3.041360676288604736e-01
9.018117561936378479e-03
4.542246642813552171e-06
7.469496722478652373e-06
-1.378381966787856072e-05
2.442218512296676636e-01
1.145498305559158325e-01
-1.067742705345153809e-01
-1.358001828193664551e-01
-8.995569311082363129e-03
1.465554982423782349e-01
4.746537189930677414e-03
-4.579050838947296143e-02
8.090300112962722778e-02
-3.140054941177368164e-01
-9.860590845346450806e-02
8.853854984045028687e-02
1.085558831691741943e-01
1.059961869032122195e-05
-3.793580981437116861e-05
-4.001508932560682297e-05
-2.276540361344814301e-02
5.332296714186668396e-02
-7.315136492252349854e-02
1.384944766759872437e-01
1.024650558829307556e-01
3.072345443069934845e-02
6.503007560968399048e-02
2.271182537078857422e-01
-3.280284106731414795e-01
-1.140981167554855347e-02
-1.283150762319564819e-01
-1.691932789981365204e-02
4.485902488231658936e-01
1.755988159857224673e-05
1.933503153850324452e-05
-5.162072557141073048e-05
-2.645725384354591370e-02
1.708951592445373535e-02
-9.387601912021636963e-02
2.170534580945968628e-01
1.095063760876655579e-01
8.704971522092819214e-02
5.990001372992992401e-03
7.028725743293762207e-02
3.177108466625213623e-01
-2.158730989322066307e-03
-9.242781251668930054e-02
5.887601152062416077e-02
-4.599694609642028809e-01
2.533021324779838324e-05
2.212143408542033285e-05
3.591884888010099530e-05
-1.684793271124362946e-02
3.255663812160491943e-01
-1.701204222626984119e-03
-7.509298622608184814e-02
-1.247857883572578430e-01
7.727426942437887192e-03
-7.599679753184318542e-03
-4.465758800506591797e-02
4.860832989215850830e-01
3.179704397916793823e-02
-2.688561799004673958e-04
2.030352503061294556e-02
-8.033687472343444824e-01
4.629584873327985406e-05
-3.865318649332039058e-05
8.792957487457897514e-06
-2.351641058921813965e-01
1.974443346261978149e-01
-4.006888717412948608e-03
-8.773931860923767090e-02
-4.002202302217483521e-02
-5.306318402290344238e-02
-1.751117035746574402e-02
-1.414158791303634644e-01
1.439833343029022217e-01
-5.869648605585098267e-02
-1.307227276265621185e-02
9.423198178410530090e-03
-2.793471217155456543e-01
-4.153254121774807572e-05
1.601212170498911291e-05
1.367619552183896303e-05
1.960801184177398682e-01
6.336203962564468384e-02
4.937119036912918091e-02
-3.479218855500221252e-02
-2.427036687731742859e-02
-6.350481510162353516e-02
-4.837991669774055481e-03
-7.384118624031543732e-03
3.954932391643524170e-01
-3.353540226817131042e-02
1.063013263046741486e-02
1.174803823232650757e-02
-3.076332509517669678e-01
4.681993686972418800e-06
2.741317439358681440e-05
-1.306443891735398211e-06
4.589330777525901794e-02
3.001672923564910889e-01
4.095285013318061829e-02
-7.573029398918151855e-02
3.607140108942985535e-02
5.373630672693252563e-03
-1.380024850368499756e-01
9.495614096522331238e-03
2.375018596649169922e-01
-1.185790896415710449e-01
4.148218408226966858e-02
-1.104417666792869568e-01
-3.158274590969085693e-01
4.665997767006047070e-05
-4.630312105291523039e-05
3.891000233124941587e-05
7.455271482467651367e-02
8.897797763347625732e-02
-3.074684925377368927e-02
1.485155224800109863e-01
-1.558900177478790283e-01
4.536904096603393555e-01
-6.408840417861938477e-01
-3.815216943621635437e-02
5.970916897058486938e-02
-2.862990796566009521e-01
1.328272521495819092e-01
-2.621952593326568604e-01
5.909548699855804443e-02
-1.373904183310514782e-06
-9.828506335907150060e-06
4.415589864947833121e-05
-4.492376931011676788e-03
1.849495619535446167e-02
-1.415795087814331055e-01
6.905359774827957153e-02
8.946604793891310692e-04
-2.484223693609237671e-01
-3.342584073543548584e-01
-1.182821094989776611e-01
3.282401710748672485e-02
2.102381736040115356e-01
7.815752625465393066e-01
-3.518479168415069580e-01
-5.764317233115434647e-03
1.477968999097356573e-05
2.076103737636003643e-05
-4.713915404863655567e-05
2.067534029483795166e-01
1.406196057796478271e-01
-5.855372920632362366e-02
1.404417902231216431e-01
-7.371052503585815430e-01
-2.780519127845764160e-01
2.063658386468887329e-01
1.741706579923629761e-02
9.042044728994369507e-02
2.826598240062594414e-03
9.911450743675231934e-02
-7.376272976398468018e-02
1.799401193857192993e-01
-3.019539144588634372e-05
2.646405846462585032e-05
-3.288906009402126074e-05
3.463800251483917236e-01
-3.637485206127166748e-01
1.461593061685562134e-02
6.514156609773635864e-02
-1.183777898550033569e-01
-4.395752772688865662e-02
2.994734048843383789e-02
1.889633536338806152e-01
1.878754198551177979e-01
3.740542382001876831e-02
-1.855838298797607422e-01
-6.275703012943267822e-02
-4.975166544318199158e-02
1.315375811827834696e-05
4.963804531143978238e-05
-1.176120622403686866e-05
2.956992685794830322e-01
1.629174351692199707e-01
4.191095009446144104e-03
-1.724738627672195435e-02
1.391016244888305664e-01
4.514019936323165894e-02
-6.904216855764389038e-02
1.028591617941856384e-01
-2.784158587455749512e-01
-1.150420028716325760e-02
-5.884823575615882874e-02
-1.102822646498680115e-02
-1.924415528774261475e-01
1.927871562656946480e-05
-1.779218291630968451e-05
-2.685260551515966654e-05
1.842844486236572266e-01
2.097086459398269653e-01
4.160448908805847168e-02
2.098810076713562012e-01
-8.376279473304748535e-02
2.364380285143852234e-02
2.898755110800266266e-02
3.023007698357105255e-02
-4.357678592205047607e-01
-6.724396254867315292e-03
7.812339812517166138e-02
2.120134048163890839e-02
-5.159403681755065918e-01
-3.526169393808231689e-06
-3.916255445801652968e-05
2.771005893009714782e-05
-2.264485061168670654e-01
1.363687664270401001e-01
-2.569890618324279785e-01
3.238327205181121826e-01
-4.859704151749610901e-02
4.382899776101112366e-02
-2.665751576423645020e-01
4.969737306237220764e-02
7.183257490396499634e-02
2.730430066585540771e-01
-1.289435923099517822e-01
6.072394549846649170e-02
8.102769404649734497e-02
"
"
9.91246e-07 0.0377283 0.0338334 1.18828e-05 -0.0134163 0.0216432 -0.00466077 0.0224802 0.0500192 0.0027196 0.01947 0.0256672 0.00244362 -0.00167099 -0.000173898 0.0214205 0.0153267 0.015573 -0.000723393 0.0134088 0.00562459 0.0136448 0.0106787 0.00578232 0.01991 0.0167827 0.0117771 0.00997642 0.00107499 0.0117924 -0.0145041 0.0511725 0.0333726 -0.00202217 0.01292 0.00713933 -0.00249067 0.0189223 0.00626748 -0.00140958 0.0257725 0.0111244 0.00506228 0.00989833 0.00622334 0.0240402 0.00201041 0.0017458 0.0122576 0.00910257 0.0052753 0.0115224 0.00631874 -0.0119608 -0.0125845 0.00379473 -0.00351324 0.0202459 0.00786596 0.00791958 0.0113677 0.00470172 -0.00518029 0.0184722
