-1.495394462835974991e-05
-2.618545889854431152e-01
3.795069083571434021e-02
1.984150439966470003e-04
5.201208963990211487e-02
1.241395100951194763e-01
-6.588713824748992920e-02
2.262239009141921997e-01
3.443092405796051025e-01
-1.639868877828121185e-02
-1.166372820734977722e-01
-1.667593047022819519e-02
-1.998386383056640625e-01
4.446949437260627747e-02
-2.855496108531951904e-01
1.418492496013641357e-01
1.561772823333740234e-01
1.649417132139205933e-01
-1.583111584186553955e-01
-8.035514503717422485e-02
-1.191478222608566284e-01
-3.008355200290679932e-01
-2.118959724903106689e-01
6.345857679843902588e-02
3.008753061294555664e-01
1.019379571080207825e-01
2.033133059740066528e-01
3.391251713037490845e-02
2.099269479513168335e-01
3.217413723468780518e-01
-1.153006032109260559e-01
-2.529974840581417084e-02
4.157921075820922852e-01
3.593059182167053223e-01
-3.315498679876327515e-02
-4.013054072856903076e-01
3.033019788563251495e-02
-1.802941411733627319e-02
3.041438199579715729e-02
-2.707883901894092560e-02
-6.948605924844741821e-02
-3.992128968238830566e-01
-9.822744876146316528e-02
1.608004271984100342e-01
6.268069148063659668e-02
1.539853662252426147e-01
8.809652924537658691e-02
1.363185327500104904e-02
2.023054473102092743e-02
2.770154774188995361e-01
-1.482961326837539673e-01
-7.397659122943878174e-02
-4.967852309346199036e-02
4.606065154075622559e-02
-1.794131472706794739e-02
-2.773747779428958893e-02
4.624080285429954529e-02
4.909990429878234863e-01
2.576238811016082764e-01
-4.469204694032669067e-02
-9.534163028001785278e-02
-8.704985678195953369e-02
-1.368044782429933548e-02
1.242137253284454346e-01
-9.257981181144714355e-02
3.502303361892700195e-02
-6.176934391260147095e-02
1.654557585716247559e-01
-2.429324239492416382e-01
2.907205931842327118e-02
7.771639525890350342e-02
1.505958661437034607e-02
-1.321295928210020065e-02
-8.055236190557479858e-02
-1.825409233570098877e-01
-1.843326352536678314e-02
-8.657071739435195923e-02
1.938390135765075684e-01
5.182349681854248047e-02
1.160584390163421631e-01
5.791459605097770691e-02
1.482564061880111694e-01
-7.877647876739501953e-03
-1.303250938653945923e-01
-2.469797059893608093e-02
3.860856592655181885e-02
9.564644098281860352e-02
1.203312501311302185e-01
-8.056750148534774780e-02
9.862760454416275024e-02
1.785235852003097534e-01
1.755974814295768738e-02
1.159377545118331909e-01
5.620054155588150024e-02
-4.659532383084297180e-02
-1.737474091351032257e-02
9.147013723850250244e-02
3.114842064678668976e-02
-1.431030966341495514e-02
-8.129601925611495972e-02
2.453630603849887848e-02
-2.908722870051860809e-02
-5.826986208558082581e-02
2.260995469987392426e-02
-4.893919825553894043e-02
6.655781716108322144e-02
-6.552085280418395996e-02
3.009355440735816956e-02
2.033405937254428864e-02
3.261295855045318604e-01
-1.025315448641777039e-01
1.435900926589965820e-01
3.776779174804687500e-01
7.124208658933639526e-02
1.922000497579574585e-01
-2.301338464021682739e-01
1.711694337427616119e-02
2.092759013175964355e-01
-2.043557353317737579e-02
-1.993534862995147705e-01
1.319547146558761597e-01
8.389267325401306152e-02
-2.664100006222724915e-02
-9.046667069196701050e-02
-5.015723034739494324e-02
-5.076900124549865723e-02
-3.296412155032157898e-02
5.704312399029731750e-02
-7.989254663698375225e-05
1.709819436073303223e-01
1.086782896891236305e-03
-2.547186159063130617e-04
-3.588026762008666992e-02
6.865905225276947021e-02
4.942834749817848206e-02
3.354856073856353760e-01
-1.515610963106155396e-01
-1.403037831187248230e-02
1.485017985105514526e-01
-3.679735064506530762e-01
-3.439435660839080811e-01
-6.780225038528442383e-02
5.666675418615341187e-02
-2.020864002406597137e-02
-1.883435249328613281e-02
-9.532691538333892822e-02
-1.686386615037918091e-01
-2.469375357031822205e-02
2.265992164611816406e-01
2.462599612772464752e-02
-2.040056288242340088e-01
2.449576975777745247e-03
1.236799061298370361e-01
-1.371261924505233765e-01
2.205530852079391479e-01
-3.849850222468376160e-02
-8.069769293069839478e-02
-9.171762317419052124e-02
-5.802313983440399170e-02
-6.771177053451538086e-03
-5.670076236128807068e-03
3.438021838665008545e-01
6.853731721639633179e-02
2.366419136524200439e-01
2.642930950969457626e-03
-3.119586706161499023e-01
-1.044469177722930908e-01
-1.237529143691062927e-02
5.092158913612365723e-02
-4.207050502300262451e-01
-1.223956048488616943e-01
9.778029285371303558e-03
-4.954501241445541382e-02
-1.664885729551315308e-01
-4.924857243895530701e-02
-8.131550997495651245e-02
2.566840848885476589e-04
-1.280100643634796143e-01
1.525702625513076782e-01
1.050071194767951965e-01
1.219917386770248413e-01
-3.776750713586807251e-02
-2.657514438033103943e-02
-6.736943125724792480e-02
-2.955095656216144562e-02
2.977703511714935303e-01
-1.342261433601379395e-01
-1.946473121643066406e-01
-1.153791323304176331e-02
2.879259921610355377e-02
1.002719160169363022e-02
4.329233244061470032e-02
-1.175629440695047379e-02
8.004286140203475952e-02
7.184347510337829590e-02
-1.003574058413505554e-01
-2.666270434856414795e-01
-4.301526118069887161e-03
-9.159100800752639771e-02
-2.037017606198787689e-02
3.894433751702308655e-02
-3.408031910657882690e-02
2.494601160287857056e-02
4.750302806496620178e-02
-7.271542400121688843e-02
5.437784828245639801e-03
-1.834308914840221405e-02
3.961439430713653564e-02
-1.994089782238006592e-01
2.544497139751911163e-03
-3.923710901290178299e-03
1.505120694637298584e-01
-1.903343573212623596e-02
-4.271418228745460510e-02
-5.135218426585197449e-02
5.255740135908126831e-02
-2.151301354169845581e-01
-6.572866695933043957e-04
-7.179193943738937378e-02
-1.902428083121776581e-02
-6.745469570159912109e-02
-4.413671791553497314e-02
5.278279259800910950e-02
3.320016711950302124e-02
-1.687483116984367371e-02
2.027829289436340332e-01
9.472680091857910156e-02
-2.218461595475673676e-02
2.739645540714263916e-03
1.569728851318359375e-01
6.059304997324943542e-02
1.713703013956546783e-02
1.348262280225753784e-02
6.635858863592147827e-02
-1.093164458870887756e-02
-8.416847325861454010e-03
3.573694825172424316e-02
-1.813569664955139160e-01
1.503130048513412476e-01
-1.135297939181327820e-01
-2.037537992000579834e-01
1.633894257247447968e-02
2.519197575747966766e-02
1.811456978321075439e-01
-4.422537609934806824e-02
3.580482304096221924e-02
6.927141547203063965e-02
-1.148990616202354431e-01
4.958997294306755066e-02
-3.543473407626152039e-02
6.462743133306503296e-02
-2.011676579713821411e-01
1.598556935787200928e-01
1.018920242786407471e-01
-8.572314679622650146e-02
-5.873025208711624146e-02
3.041528107132762671e-04
-9.868695586919784546e-02
4.725146293640136719e-01
-1.739586150506511331e-04
-3.977448493242263794e-02
2.352584153413772583e-01
-4.948936402797698975e-02
8.725838363170623779e-02
-1.519239246845245361e-01
3.793950751423835754e-02
1.173919364809989929e-01
1.859555691480636597e-01
-9.358238428831100464e-02
-8.332486450672149658e-02
-3.113626874983310699e-02
-8.024840056896209717e-02
2.232027612626552582e-02
-1.425016969442367554e-01
1.874369755387306213e-02
4.894915521144866943e-01
1.395252943038940430e-01
7.308184355497360229e-02
-4.423590004444122314e-02
5.961917713284492493e-02
-1.617915332317352295e-01
-2.518755495548248291e-01
-1.571735739707946777e-01
-3.811675682663917542e-02
2.201829291880130768e-02
4.135930240154266357e-01
-1.502008736133575439e-01
7.856715470552444458e-02
1.702762246131896973e-01
1.547701843082904816e-02
1.386094931513071060e-02
3.697755560278892517e-02
-3.578775329515337944e-03
-1.842512637376785278e-01
-6.373076234012842178e-03
-6.037427112460136414e-03
-2.479973435401916504e-01
5.492369458079338074e-02
2.412524223327636719e-01
1.885113865137100220e-01
6.460440345108509064e-03
-1.311322003602981567e-01
2.087513506412506104e-01
-7.425259798765182495e-02
-1.359200179576873779e-01
-2.160067260265350342e-01
-2.352550625801086426e-02
4.983298107981681824e-02
4.488331731408834457e-03
-4.689003154635429382e-02
-1.725172623991966248e-02
7.863554358482360840e-02
-5.578530207276344299e-02
-6.520422548055648804e-02
1.519148051738739014e-01
7.396660745143890381e-02
-1.094098016619682312e-02
-2.811822295188903809e-02
3.226765245199203491e-02
-3.700059354305267334e-01
7.688397169113159180e-02
2.846824005246162415e-02
2.866197377443313599e-02
9.698010049760341644e-03
1.033350452780723572e-01
2.329567819833755493e-02
-4.500452801585197449e-02
9.576044976711273193e-02
4.180211108177900314e-03
5.875864066183567047e-03
1.000497117638587952e-01
1.429648846387863159e-01
-3.595378622412681580e-02
-1.708442419767379761e-01
1.347129605710506439e-02
8.436056785285472870e-03
2.171543054282665253e-02
-6.848665326833724976e-02
1.490376982837915421e-02
7.742282748222351074e-02
6.570412218570709229e-02
-1.278897188603878021e-02
4.934057593345642090e-02
5.032567679882049561e-02
4.034867975860834122e-03
3.710950724780559540e-03
1.533627063035964966e-01
3.632508218288421631e-02
1.801160126924514771e-01
7.040149066597223282e-03
-3.814841154962778091e-03
2.587057836353778839e-02
-5.378543864935636520e-03
-9.026954323053359985e-02
1.504227668046951294e-01
-1.446188706904649734e-02
2.195785520598292351e-03
1.627066284418106079e-01
-1.846017539501190186e-01
3.554313629865646362e-02
-1.386436354368925095e-02
2.913555130362510681e-02
2.928447723388671875e-01
3.142288653180003166e-03
3.850844129920005798e-02
3.775037825107574463e-01
6.523428019136190414e-03
1.154568269848823547e-01
3.603845238685607910e-01
-5.188630521297454834e-02
3.139558807015419006e-02
-3.567944467067718506e-02
5.734518542885780334e-02
6.872260943055152893e-03
1.241030246019363403e-01
-3.348482772707939148e-03
2.425319552421569824e-01
5.157178640365600586e-02
9.514080733060836792e-02
5.333306640386581421e-02
4.923619329929351807e-02
4.925639182329177856e-02
6.038038991391658783e-03
-2.421679198741912842e-01
-1.230411435244604945e-04
-3.052728250622749329e-02
6.362638901919126511e-03
-9.015438990900292993e-05
-5.886240303516387939e-02
-2.739622443914413452e-02
-2.255198918282985687e-02
-3.741963580250740051e-02
-9.218934178352355957e-02
7.197150588035583496e-02
1.023799553513526917e-01
1.500983685255050659e-01
-2.799598686397075653e-02
-4.525605589151382446e-02
-6.249006465077400208e-02
-1.510597206652164459e-02
-5.921314656734466553e-02
-1.195326168090105057e-02
5.795993283390998840e-02
8.803483843803405762e-02
9.777091443538665771e-02
-7.339496631175279617e-03
8.411619812250137329e-02
-1.804993487894535065e-02
2.266785353422164917e-01
1.525839269161224365e-01
3.524125739932060242e-02
-7.971446216106414795e-02
-7.894653081893920898e-02
1.286396682262420654e-01
-7.938075810670852661e-02
7.251326739788055420e-02
8.802290260791778564e-02
-5.138609092682600021e-03
-1.313793100416660309e-02
-2.760588191449642181e-02
-4.659123346209526062e-02
3.170917183160781860e-02
-3.461064398288726807e-02
-6.918045878410339355e-02
-1.726002059876918793e-02
8.981088548898696899e-02
-1.323283314704895020e-01
9.194575250148773193e-02
-1.444670837372541428e-02
7.351778447628021240e-02
1.455431729555130005e-01
2.196326851844787598e-02
5.897305905818939209e-02
5.116318911314010620e-02
-6.491880118846893311e-02
3.958822414278984070e-02
2.736186049878597260e-02
1.174430642277002335e-02
-7.793816179037094116e-02
-2.599759027361869812e-03
-6.141816265881061554e-03
-3.157621249556541443e-02
-5.550701916217803955e-02
1.422103941440582275e-01
-2.072438597679138184e-02
-5.277254432439804077e-02
1.839960552752017975e-02
5.872526392340660095e-02
-3.966062888503074646e-02
1.861442327499389648e-01
1.082898899912834167e-01
3.222350776195526123e-02
1.541315764188766479e-02
3.791437670588493347e-02
2.327934205532073975e-01
1.519020795822143555e-01
-9.084908291697502136e-03
1.986062228679656982e-01
3.768827766180038452e-02
-6.377163529396057129e-02
-1.269124299287796021e-01
-8.292131870985031128e-02
-1.352389529347419739e-02
4.252167642116546631e-01
1.161480993032455444e-01
-7.754519581794738770e-02
-3.089928813278675079e-02
-8.282472193241119385e-02
3.419321477413177490e-01
-4.258152469992637634e-02
-1.019255146384239197e-01
-2.005824148654937744e-01
-2.337684854865074158e-02
1.903528869152069092e-01
-1.984341442584991455e-01
1.881616860628128052e-01
4.205763712525367737e-02
3.255249559879302979e-02
1.353064179420471191e-01
-1.542769465595483780e-02
-3.132861480116844177e-02
-1.587952971458435059e-01
-2.242219634354114532e-02
5.842765327543020248e-03
-3.749406710267066956e-02
8.699700236320495605e-02
-9.153391420841217041e-02
-6.748681515455245972e-02
-1.600627228617668152e-02
6.766889989376068115e-02
7.885102182626724243e-02
4.483238793909549713e-03
-5.996686965227127075e-02
1.315500438213348389e-01
-2.338202297687530518e-01
1.082530617713928223e-01
1.185688301920890808e-01
1.565984636545181274e-01
7.047733664512634277e-02
-6.867487728595733643e-02
2.142991274595260620e-01
3.571184277534484863e-01
-5.788159742951393127e-02
1.179697178304195404e-02
6.223900243639945984e-02
1.802989281713962555e-02
-6.583729386329650879e-02
1.554053276777267456e-01
-8.064962923526763916e-02
-1.105839461088180542e-01
-5.154374241828918457e-02
-1.163320839405059814e-01
-7.939798524603247643e-05
1.156823411583900452e-01
2.413403093814849854e-01
2.280897315358743072e-04
-4.933377727866172791e-02
3.276557326316833496e-01
-1.870724558830261230e-02
-2.216884195804595947e-01
1.324572861194610596e-01
-2.704824805259704590e-01
1.276142597198486328e-01
-1.099739894270896912e-01
2.706636674702167511e-02
-8.929225057363510132e-02
-7.196829468011856079e-02
5.129663348197937012e-01
1.284649074077606201e-01
-1.180273443460464478e-01
2.068783938884735107e-01
-2.376080863177776337e-02
5.755966901779174805e-02
9.297766722738742828e-03
2.075074911117553711e-01
-1.728444173932075500e-02
-6.669004261493682861e-02
8.261594176292419434e-02
1.035868749022483826e-01
2.144003063440322876e-01
5.382149294018745422e-02
-7.365346420556306839e-03
-8.501038700342178345e-02
1.241838932037353516e-01
-2.688052654266357422e-01
-8.135778456926345825e-02
1.058829016983509064e-02
-1.611741818487644196e-02
-5.366782657802104950e-03
2.249430678784847260e-02
-9.988509118556976318e-02
3.242412209510803223e-02
1.096764579415321350e-01
3.216682001948356628e-02
2.452045865356922150e-02
2.995619177818298340e-02
-3.729496896266937256e-02
-1.617071628570556641e-01
-3.081707656383514404e-01
-2.062085866928100586e-01
-8.564086258411407471e-02
-2.500182688236236572e-01
6.455347687005996704e-02
7.082783430814743042e-02
1.471757441759109497e-01
-1.043694913387298584e-01
-5.866919085383415222e-02
-2.338438481092453003e-02
-1.826627366244792938e-02
3.667375072836875916e-02
-1.797336786985397339e-01
-5.262991786003112793e-01
-1.326391100883483887e-01
6.693165004253387451e-02
1.212631072849035263e-02
6.447132676839828491e-02
9.562095999717712402e-02
-3.590678051114082336e-02
6.169802695512771606e-02
7.059793174266815186e-02
-3.957744222134351730e-03
8.317568153142929077e-02
6.095482409000396729e-02
5.609050765633583069e-02
2.900357358157634735e-02
1.213554572314023972e-02
2.618272975087165833e-02
1.300350874662399292e-01
-8.838769979774951935e-03
-4.949900507926940918e-02
4.585356451570987701e-03
5.901598557829856873e-02
-6.690951436758041382e-02
-1.539903879165649414e-01
-7.425084244459867477e-03
2.275170199573040009e-02
1.282116770744323730e-01
4.450110252946615219e-03
-1.791323274374008179e-01
1.408257987350225449e-02
-4.830007255077362061e-02
7.039561867713928223e-02
3.590798750519752502e-02
-1.910053309984505177e-03
-7.799515966325998306e-03
1.060630846768617630e-02
2.235673740506172180e-02
-5.457786843180656433e-03
-1.866075024008750916e-02
8.405023068189620972e-02
1.700436919927597046e-01
4.884744808077812195e-02
2.890634350478649139e-02
1.519947350025177002e-01
9.309708140790462494e-03
7.164926826953887939e-02
2.380992472171783447e-02
-7.147980853915214539e-03
-3.995940089225769043e-02
3.202811256051063538e-02
2.455858746543526649e-03
2.234679758548736572e-01
-6.774803251028060913e-02
5.724752694368362427e-02
1.280253529548645020e-01
3.217336535453796387e-02
-5.378383025527000427e-02
9.028419852256774902e-02
1.061132699251174927e-01
3.995457291603088379e-02
-1.561314314603805542e-01
9.238936752080917358e-02
3.842132538557052612e-02
-6.063040345907211304e-03
-4.987738095223903656e-03
3.804152831435203552e-02
-7.430236786603927612e-02
8.884259313344955444e-02
-3.099825792014598846e-02
1.026724814437329769e-03
-7.597477087983861566e-05
1.882907003164291382e-01
-2.659133076667785645e-02
-2.958740515168756247e-04
-1.488611102104187012e-01
-1.028494760394096375e-01
7.139100879430770874e-02
-2.380407601594924927e-01
-1.985729932785034180e-01
2.998708561062812805e-02
1.772453486919403076e-01
-5.676467344164848328e-02
1.849880367517471313e-01
-8.781903982162475586e-02
2.781572639942169189e-01
-1.095720306038856506e-01
-1.491700261831283569e-01
-2.328938394784927368e-01
1.240697875618934631e-01
4.061386361718177795e-02
9.624156355857849121e-02
2.535778582096099854e-01
1.481753736734390259e-01
-2.720059268176555634e-02
-1.782611310482025146e-01
-3.695210441946983337e-02
-2.332896143198013306e-01
-8.148763328790664673e-02
-2.629205882549285889e-01
-1.490460485219955444e-01
-2.687721140682697296e-02
6.128090992569923401e-02
-3.358844816684722900e-01
-2.869015634059906006e-01
1.135899336077272892e-03
3.376883864402770996e-01
-1.841363497078418732e-02
-4.432118311524391174e-02
-6.047894805669784546e-02
2.531231939792633057e-02
5.311284214258193970e-02
3.494258522987365723e-01
7.143598049879074097e-02
-8.784169703722000122e-02
-2.379355765879154205e-02
-1.956987679004669189e-01
-8.721689134836196899e-02
4.280930850654840469e-03
-3.197735175490379333e-03
-1.116830948740243912e-02
1.817757487297058105e-01
5.129835754632949829e-02
2.405603416264057159e-02
-5.407317075878381729e-03
-3.074031509459018707e-02
4.464474320411682129e-02
-9.981860220432281494e-02
-2.621603906154632568e-01
-1.952200680971145630e-01
3.599159419536590576e-02
5.180454626679420471e-02
1.506457105278968811e-02
2.460203249938786030e-04
-6.376437097787857056e-02
2.409420348703861237e-02
1.908934861421585083e-02
8.923045545816421509e-02
-1.445965617895126343e-01
1.700814664363861084e-01
-3.092920966446399689e-02
-6.084769219160079956e-02
-2.563437819480895996e-02
3.394129127264022827e-02
-1.005993038415908813e-02
4.166930541396141052e-02
1.237305849790573120e-01
-7.202043780125677586e-04
1.231221202760934830e-02
-2.935492619872093201e-02
-6.447891891002655029e-02
-8.619382977485656738e-02
1.278530340641736984e-02
-8.180019445717334747e-03
7.723880559206008911e-02
6.227283924818038940e-02
-1.823786832392215729e-02
-1.209991201758384705e-01
-1.067269518971443176e-01
1.107136998325586319e-02
-8.886395394802093506e-02
-1.534268409013748169e-01
1.024667522870004177e-03
-9.450875222682952881e-02
-5.639810860157012939e-02
6.881891936063766479e-02
3.127238526940345764e-02
-5.923828482627868652e-02
-8.544424176216125488e-02
6.524974107742309570e-02
-7.916407659649848938e-03
9.524804539978504181e-03
4.460500925779342651e-02
7.401817291975021362e-02
-5.767181888222694397e-02
1.051024347543716431e-02
2.412293665111064911e-02
7.562022656202316284e-03
-7.858711294829845428e-03
-3.168321028351783752e-02
-2.924759984016418457e-01
1.056175082921981812e-01
-1.536452025175094604e-01
-2.813935279846191406e-01
-3.977100551128387451e-02
-2.213581651449203491e-01
1.449677646160125732e-01
2.032944373786449432e-02
-2.997291088104248047e-02
-2.078609913587570190e-01
1.863123029470443726e-01
2.784861996769905090e-02
-6.130746752023696899e-02
3.595925495028495789e-02
6.965413689613342285e-02
9.563262015581130981e-02
8.413782715797424316e-02
8.516123890876770020e-02
-5.007706582546234131e-02
1.038677219185046852e-04
-1.879752874374389648e-01
1.201755553483963013e-01
9.985267752199433744e-06
7.758967578411102295e-02
9.825875982642173767e-03
-4.136701300740242004e-02
-5.891277194023132324e-01
1.584153771400451660e-01
-4.943113774061203003e-02
-1.191902756690979004e-01
3.722036778926849365e-01
3.785305321216583252e-01
7.531791180372238159e-02
-9.010175615549087524e-02
-1.159808598458766937e-02
-1.843347027897834778e-02
1.155447736382484436e-01
4.646201133728027344e-01
-2.547935396432876587e-02
-2.544327676296234131e-01
-8.967760950326919556e-02
2.531421780586242676e-01
1.306308992207050323e-02
-1.750193834304809570e-01
3.976112008094787598e-01
-2.835514545440673828e-01
6.478720903396606445e-02
4.978471994400024414e-02
2.847087979316711426e-01
-1.364399194717407227e-01
2.067633345723152161e-02
-1.510355919599533081e-01
-2.888281047344207764e-01
-2.906730398535728455e-02
-2.555903792381286621e-01
-2.746004238724708557e-02
4.098254740238189697e-01
9.718956798315048218e-02
2.006385941058397293e-03
3.356746211647987366e-02
2.861156165599822998e-01
2.238871306180953979e-01
1.096394434571266174e-01
6.728863716125488281e-02
1.533006131649017334e-01
-1.884022029116749763e-03
1.330922693014144897e-01
1.078676879405975342e-01
3.276463747024536133e-01
-5.729410052299499512e-02
-1.373281478881835938e-01
-1.295715123414993286e-01
8.346050232648849487e-02
2.276957966387271881e-02
5.258884653449058533e-02
-3.448898717761039734e-02
-1.998868584632873535e-02
3.831324577331542969e-01
2.252426445484161377e-01
1.642168313264846802e-02
-9.769585728645324707e-02
-9.233676828444004059e-03
2.478244155645370483e-02
2.056984044611454010e-02
-6.674157083034515381e-02
-1.128173619508743286e-02
1.617550402879714966e-01
8.525376906618475914e-04
-9.045387059450149536e-02
2.076666951179504395e-01
1.919693127274513245e-02
-3.670303151011466980e-02
2.623187005519866943e-02
2.863405086100101471e-02
5.515658855438232422e-02
-5.067146196961402893e-02
5.165582522749900818e-02
3.249488025903701782e-02
-2.534575387835502625e-02
2.650761604309082031e-01
7.645528763532638550e-02
-6.532960105687379837e-03
-1.859877109527587891e-01
2.462303452193737030e-02
-5.153452977538108826e-03
1.502554565668106079e-01
-8.341897279024124146e-03
7.319448143243789673e-02
7.351548969745635986e-02
7.826885581016540527e-02
7.905667275190353394e-02
1.369631439447402954e-01
-1.021172665059566498e-02
-3.643380478024482727e-02
-4.089235514402389526e-02
2.880184538662433624e-02
-2.149903625249862671e-01
6.078918650746345520e-02
-5.724251642823219299e-02
-2.369621582329273224e-02
3.855145350098609924e-02
-7.283036410808563232e-02
-1.058603264391422272e-02
3.524933382868766785e-02
3.201965242624282837e-02
-4.447142034769058228e-02
1.714008674025535583e-02
-4.147340357303619385e-02
2.941233217716217041e-01
-2.129534929990768433e-01
1.014206409454345703e-01
3.084526658058166504e-01
3.840776160359382629e-02
-4.256662353873252869e-02
-2.590441107749938965e-01
1.339730154722929001e-02
1.370954364538192749e-01
-2.991693913936614990e-01
1.000860407948493958e-01
8.916323632001876831e-02
5.251876264810562134e-02
-1.336565241217613220e-02
8.058385550975799561e-02
-1.106653809547424316e-01
-2.891970239579677582e-02
8.304306864738464355e-02
4.801689460873603821e-02
-1.213524010381661355e-04
-5.958411470055580139e-02
3.538628518581390381e-01
-1.121743480325676501e-05
2.140800468623638153e-02
-2.324795275926589966e-01
3.965245187282562256e-02
1.030479092150926590e-02
7.729960232973098755e-02
-9.313016384840011597e-02
-1.126194819808006287e-01
2.430150844156742096e-02
-1.013168841600418091e-01
-7.275494188070297241e-02
2.289571464061737061e-01
6.720003485679626465e-02
-1.725514829158782959e-01
7.145184278488159180e-02
-4.109788686037063599e-02
-1.133225858211517334e-01
-5.639822408556938171e-02
5.010695457458496094e-01
5.906765162944793701e-02
7.212577760219573975e-02
1.118930131196975708e-01
1.688671484589576721e-02
1.098231598734855652e-01
1.438455730676651001e-01
-1.074270531535148621e-01
-2.106846775859594345e-03
7.934881374239921570e-03
1.584685593843460083e-02
9.859132021665573120e-02
4.638036713004112244e-02
-1.718965023756027222e-01
-2.061403989791870117e-01
-6.474404782056808472e-02
4.529149457812309265e-02
1.066639870405197144e-01
-1.322858929634094238e-01
3.845297694206237793e-01
-1.570666283369064331e-01
-8.288453519344329834e-02
-2.140481024980545044e-01
-4.190092906355857849e-03
2.656768858432769775e-01
1.777318865060806274e-02
-6.446090340614318848e-02
4.955163225531578064e-02
1.071704328060150146e-01
2.486804723739624023e-01
-8.429838716983795166e-02
-7.698057591915130615e-02
5.084837228059768677e-02
-4.922864586114883423e-02
1.688532829284667969e-01
1.136417090892791748e-01
1.028108224272727966e-01
-5.474229343235492706e-03
3.145923092961311340e-02
2.182137370109558105e-01
2.139701247215270996e-01
3.767110407352447510e-02
-2.168815881013870239e-01
1.006131395697593689e-01
-2.867268323898315430e-01
2.284376621246337891e-01
1.292042136192321777e-01
-4.326985776424407959e-02
-2.095382809638977051e-01
3.623846918344497681e-02
8.516618050634860992e-03
5.883430712856352329e-04
1.243982613086700439e-01
1.595206111669540405e-01
5.478556826710700989e-02
-4.211007058620452881e-02
-7.781605701893568039e-03
-2.770517468452453613e-01
-1.678726449608802795e-02
-4.470577929168939590e-03
1.055869013071060181e-01
2.612572908401489258e-02
-6.010231375694274902e-02
4.710342269390821457e-03
-1.346808159723877907e-03
1.889706589281558990e-02
1.127763837575912476e-01
-7.621210068464279175e-02
-1.095526441931724548e-01
1.501365471631288528e-02
3.944824635982513428e-02
1.103267297148704529e-01
8.698451332747936249e-03
1.688662469387054443e-01
-6.038139108568429947e-03
1.301387976855039597e-02
4.721377789974212646e-02
-9.544731676578521729e-02
1.548048853874206543e-01
2.987117506563663483e-02
-7.856585085391998291e-03
-2.573186531662940979e-02
-3.122158944606781006e-01
-4.768150858581066132e-03
-8.091189712285995483e-02
-1.894057542085647583e-02
9.530119597911834717e-03
4.314085468649864197e-02
6.259921193122863770e-02
1.974077224731445312e-01
2.270155027508735657e-02
1.385974287986755371e-01
-1.154938712716102600e-01
4.513035714626312256e-02
7.796712685376405716e-03
1.526932269334793091e-01
-9.221203625202178955e-02
-5.445818533189594746e-04
-3.531188890337944031e-02
-1.171296555548906326e-02
-2.093370556831359863e-01
4.931457340717315674e-02
-4.963483661413192749e-02
1.169966831803321838e-01
-8.463293313980102539e-02
3.708926215767860413e-02
-9.490226395428180695e-03
-2.516726635803934187e-05
-7.939209353935439140e-06
-2.495163926141685806e-06
-8.020662789931520820e-06
-8.875312232703436166e-06
-6.867517754471919034e-08
8.118059668049681932e-06
-1.988758958759717643e-05
-1.558809890411794186e-05
-2.015169957303442061e-05
-1.391509886161657050e-05
5.921398042119108140e-06
-1.458531096432125196e-05
-6.233067779248813167e-06
-9.067792234418448061e-06
-8.296954547404311597e-06
5.846829026268096641e-06
-9.867120752460323274e-06
-5.270903784548863769e-06
-3.088459607170079835e-06
1.821751538955140859e-06
-2.021517138928174973e-05
-1.119222997658653185e-05
-9.804649380384944379e-06
-9.387598765897564590e-06
-1.228472342518216465e-06
-1.671383506618440151e-05
-1.013914243230829015e-05
4.059582181525911437e-07
1.435610556654864922e-05
-9.116766705119516701e-06
-1.343899748462717980e-05
-1.560319651616737247e-05
-7.181360160757321864e-06
-5.407780008681584150e-06
-1.611393781786318868e-05
-2.182984098908491433e-05
-1.854368019849061966e-05
-1.190643070003716275e-05
3.685021283672540449e-06
8.531549156032269821e-07
4.795310815097764134e-07
-3.234395535400835797e-06
-1.833184796851128340e-05
1.218929264723556116e-05
4.952151812176452950e-06
7.031102086330065504e-06
-2.941515231213998049e-05
-2.100985693687107414e-05
5.118398348713526502e-06
1.113115672524145339e-06
1.256326777365757152e-05
-2.316617792530450970e-05
-1.449418687116121873e-05
1.058418092725332826e-05
-1.884141238406300545e-05
3.355759872647468001e-06
-2.197583307861350477e-05
-3.726447857843595557e-06
-1.669374250923283398e-05
-4.821979018743149936e-06
-2.403705912001896650e-05
-1.308397713728481904e-05
-8.098230068753764499e-07
-1.142055793934559915e-06
7.632144843228161335e-06
9.171762940241023898e-06
-1.796168362488970160e-05
-1.030029216053662822e-05
-1.881672005765722133e-06
-8.391008122998755425e-06
4.472703039937186986e-06
-4.051912583236116916e-06
-9.215664249495603144e-06
-1.271622841159114614e-05
-1.247378531843423843e-05
-6.508212209155317396e-06
-6.907982879056362435e-06
7.261897280841367319e-06
-6.403138741006841883e-06
-1.280052947549847886e-05
8.216557944251690060e-06
-6.785474852222250775e-06
1.279770549444947392e-05
7.910835506663715933e-07
-7.911786269687581807e-06
-1.274151054531103000e-05
-1.176062687591183931e-05
-9.823435902944765985e-06
-3.485240767986397259e-06
-3.142728746752254665e-05
-1.717651502985972911e-05
-2.111872890964150429e-05
4.434112668150191894e-07
-1.585665813763625920e-05
-2.738395096457679756e-06
-4.851567609875928611e-07
4.173184606770519167e-06
-3.191140194758190773e-06
1.289042393182171509e-05
3.978802851634100080e-06
9.288360161008313298e-07
-8.092358257272280753e-06
-1.267233983526239172e-05
1.385296968692273367e-06
-1.152738968812627718e-05
-2.294790704127080971e-07
6.742472578480374068e-06
1.001515374809969217e-05
-8.782614713709335774e-06
3.241502781747840345e-06
-1.195336881210096180e-05
5.025142854719888419e-06
-1.773111398506443948e-05
-1.812280788726639003e-05
-9.689544640423264354e-06
-6.940950925127253868e-07
-2.376063275733031332e-05
-7.488587925763567910e-06
-1.091110220841073897e-06
-1.133750629378482699e-05
4.265601091901771724e-06
-1.647396675252821296e-05
9.111356121138669550e-06
-8.224114935728721321e-06
-1.681572393863461912e-05
-7.344845016632461920e-06
5.972822236799402162e-06
-1.174276403617113829e-04
2.549873292446136475e-02
-8.723560022190213203e-04
3.442619345150887966e-04
-7.440298795700073242e-02
1.495417207479476929e-01
6.320290267467498779e-03
1.786045283079147339e-01
5.421057716012001038e-02
-1.599767804145812988e-01
4.973616600036621094e-01
-1.479737646877765656e-02
-4.974258691072463989e-02
5.013578534126281738e-01
-3.312199190258979797e-02
-5.921677500009536743e-02
-3.479761183261871338e-01
-1.535226404666900635e-01
-8.796784281730651855e-02
-8.482422679662704468e-02
4.030576907098293304e-03
1.451884657144546509e-01
-3.742801398038864136e-02
1.699205636978149414e-01
-1.237336695194244385e-01
-1.145728230476379395e-01
-1.040112972259521484e-02
1.641238480806350708e-01
9.895334951579570770e-04
4.661321872845292091e-04
-3.163366615772247314e-01
-1.644868701696395874e-01
-1.741406321525573730e-02
-1.056776195764541626e-01
-2.250812947750091553e-01
7.811525464057922363e-02
-2.173589617013931274e-01
1.116012856364250183e-01
1.665887087583541870e-01
9.437346458435058594e-02
6.779073178768157959e-02
1.151427105069160461e-01
4.816594347357749939e-02
5.125731602311134338e-02
-2.045087749138474464e-03
1.523379683494567871e-01
-4.063767567276954651e-02
-2.767814993858337402e-01
-8.251909166574478149e-02
1.433709263801574707e-01
6.341617554426193237e-02
1.214077547192573547e-01
3.097390383481979370e-02
5.561997368931770325e-02
7.205416262149810791e-02
-1.772666722536087036e-02
1.021125242114067078e-01
2.063316933345049620e-04
-2.739115059375762939e-02
7.255522534251213074e-03
-2.139731645584106445e-01
1.890033930540084839e-01
3.243421316146850586e-01
1.189662292599678040e-01
-8.904352434910833836e-04
-2.715029008686542511e-02
-6.867674645036458969e-03
-1.662930659949779510e-02
-2.448146697133779526e-03
-2.467347495257854462e-02
-5.265558138489723206e-03
-2.547201514244079590e-02
7.431814074516296387e-02
2.913458831608295441e-02
-1.782244443893432617e-02
7.056494057178497314e-02
-1.830346882343292236e-01
1.071357876062393188e-01
2.163097821176052094e-02
4.529669415205717087e-03
2.519265748560428619e-02
4.068450257182121277e-02
-3.536686301231384277e-01
-3.280639275908470154e-02
9.389989078044891357e-02
-8.986387401819229126e-02
-6.778330355882644653e-02
1.421660126652568579e-04
-5.563183501362800598e-02
2.529679425060749054e-02
-1.449036318808794022e-02
-1.964154839515686035e-01
-1.116214692592620850e-02
-1.505198329687118530e-02
-2.445777505636215210e-02
1.307881530374288559e-02
2.671495452523231506e-02
-6.771938502788543701e-02
-3.041651658713817596e-02
-3.498654067516326904e-02
-4.828736186027526855e-01
2.709773927927017212e-02
-6.673505064100027084e-03
-5.230815708637237549e-02
-5.168123170733451843e-02
5.388528481125831604e-02
-3.081624396145343781e-02
-4.300234913825988770e-01
6.654797494411468506e-02
1.896581649780273438e-01
-6.596760824322700500e-03
-2.491647563874721527e-02
1.372195929288864136e-01
-2.873151563107967377e-02
-9.101194329559803009e-03
-3.666774928569793701e-02
5.034513026475906372e-02
6.370387971401214600e-02
-2.849815413355827332e-02
-5.569087341427803040e-02
1.175335645675659180e-01
5.567139387130737305e-02
2.878731675446033478e-02
-3.583089262247085571e-02
-2.485730685293674469e-02
-1.033281534910202026e-01
3.427115082740783691e-02
-4.886155482381582260e-03
-7.474141602870076895e-05
5.441941693425178528e-02
6.100669503211975098e-03
-1.432768767699599266e-04
-8.300980180501937866e-02
8.893687278032302856e-02
-1.964977532625198364e-01
1.435652971267700195e-01
9.459046274423599243e-02
7.465486228466033936e-02
-1.751684248447418213e-01
-2.327021025121212006e-02
-4.525676742196083069e-02
9.168335050344467163e-02
-1.718037296086549759e-03
-4.647377412766218185e-03
2.833676636219024658e-01
2.335578948259353638e-01
-9.097857773303985596e-02
-5.868744105100631714e-02
5.585775524377822876e-02
1.022327542304992676e-01
-2.292457036674022675e-02
-2.422623038291931152e-01
-6.903237104415893555e-02
-8.796650916337966919e-02
-3.126380592584609985e-02
-1.165260896086692810e-01
-6.564530730247497559e-02
-7.916224747896194458e-02
-2.015386968851089478e-01
7.392192482948303223e-01
1.300961594097316265e-03
-6.346112489700317383e-02
2.254895716905593872e-01
5.642784386873245239e-02
-1.971846222877502441e-01
3.595510497689247131e-02
-8.354826271533966064e-02
-1.715904772281646729e-01
1.058780848979949951e-01
9.692678600549697876e-02
8.415998518466949463e-02
2.440753951668739319e-02
-1.663776189088821411e-01
1.314175426959991455e-01
-6.814735382795333862e-02
2.459527552127838135e-01
-5.296724289655685425e-02
1.356067322194576263e-02
1.332825422286987305e-01
-1.829603016376495361e-01
4.473848640918731689e-02
-1.608407944440841675e-01
-3.298321962356567383e-01
8.786974102258682251e-02
-1.100333258509635925e-01
-3.710663318634033203e-02
-7.519698888063430786e-02
-5.715768784284591675e-02
1.796648949384689331e-01
-1.093729361891746521e-01
-1.143873408436775208e-01
1.380066871643066406e-01
-3.588026762008666992e-02
3.308988641947507858e-03
1.012771669775247574e-02
-2.640737220644950867e-02
-3.347045183181762695e-02
-2.841383032500743866e-02
-3.700562566518783569e-02
2.571343677118420601e-03
-2.247970700263977051e-01
-1.775998994708061218e-02
-6.576924771070480347e-02
5.984481424093246460e-02
-1.578168421983718872e-01
5.622304975986480713e-02
1.316083967685699463e-02
-9.382601827383041382e-03
-2.873658202588558197e-02
3.014313802123069763e-02
8.483292907476425171e-02
-5.017071962356567383e-02
3.457817062735557556e-02
-2.416902929544448853e-01
-6.043969839811325073e-02
-3.975589061155915260e-04
-1.711779274046421051e-02
1.970485039055347443e-02
-7.800810970366001129e-03
-2.859173715114593506e-01
1.940611191093921661e-02
-2.977857291698455811e-01
-8.716780692338943481e-02
-9.611091762781143188e-02
-2.774055898189544678e-01
-2.868878422304987907e-03
9.671960771083831787e-02
-3.829953493550419807e-03
-6.628957390785217285e-02
1.060447376221418381e-02
-3.614184632897377014e-02
1.197560876607894897e-02
1.609974205493927002e-01
1.979093626141548157e-02
-4.621363058686256409e-02
-1.207672897726297379e-02
-6.751829385757446289e-02
1.945562362670898438e-01
1.864922791719436646e-02
1.091061532497406006e-02
1.319817751646041870e-01
-1.538204848766326904e-01
-1.371281920000910759e-03
2.516326494514942169e-02
-4.749902524054050446e-03
2.531860955059528351e-02
-3.981997072696685791e-02
-2.890745364129543304e-02
5.758609622716903687e-02
5.101628601551055908e-02
1.048065647482872009e-01
-1.372579601593315601e-03
5.692369863390922546e-02
-2.462626807391643524e-02
3.727782145142555237e-02
4.143622145056724548e-02
2.729773223109077662e-05
-2.848679199814796448e-02
6.417781114578247070e-03
8.587545744376257062e-05
5.049318075180053711e-03
-5.779344215989112854e-02
3.229576349258422852e-02
-1.545936614274978638e-01
8.922559209167957306e-03
9.178702533245086670e-02
5.455111339688301086e-02
1.438035517930984497e-01
-4.216207563877105713e-02
4.987071081995964050e-02
-3.161180019378662109e-02
1.053821574896574020e-02
5.952443927526473999e-02
5.373169109225273132e-02
1.765695773065090179e-02
-1.409424655139446259e-02
3.801701366901397705e-01
6.613239645957946777e-03
3.190867304801940918e-01
8.514074981212615967e-02
4.359177649021148682e-01
3.712258040904998779e-01
1.270385980606079102e-01
-1.089788675308227539e-01
-1.606760174036026001e-02
1.356620043516159058e-01
3.416645107790827751e-03
3.538056835532188416e-02
-1.958484761416912079e-03
-2.543554604053497314e-01
8.748401701450347900e-02
-5.902061238884925842e-02
-1.470129098743200302e-02
8.762218058109283447e-02
6.938392668962478638e-02
-6.992882490158081055e-02
2.039853297173976898e-02
-3.045760095119476318e-03
-3.073416054248809814e-01
6.357145309448242188e-02
6.290704011917114258e-02
5.324161797761917114e-02
8.370981365442276001e-02
-6.495487689971923828e-02
1.341509371995925903e-01
9.188403934240341187e-02
4.337916616350412369e-03
1.753717809915542603e-01
5.020096898078918457e-02
4.538045451045036316e-02
-5.621834844350814819e-02
4.993904754519462585e-02
3.092309227213263512e-03
-2.142706066370010376e-01
-4.334260225296020508e-01
1.148026883602142334e-01
2.388556003570556641e-01
3.533544763922691345e-02
1.528258919715881348e-01
1.154298149049282074e-02
2.081864625215530396e-01
-2.210011333227157593e-01
-6.493114866316318512e-03
9.498624503612518311e-02
-4.548930376768112183e-02
-1.294631510972976685e-01
-3.224444109946489334e-03
-6.730582565069198608e-02
-1.471260376274585724e-02
1.245964691042900085e-02
-5.071184411644935608e-02
-5.614426918327808380e-03
-6.962287425994873047e-02
-7.736045867204666138e-02
-7.950553297996520996e-02
-1.939846947789192200e-02
3.318286314606666565e-02
1.985943317413330078e-02
1.935223117470741272e-02
2.885399619117379189e-03
-2.302111871540546417e-02
-2.964124083518981934e-03
2.954779565334320068e-01
1.714054495096206665e-01
-5.468982085585594177e-02
-6.610215455293655396e-02
2.406577169895172119e-01
3.596137464046478271e-02
4.804066196084022522e-02
-7.043931633234024048e-03
5.270535498857498169e-02
-2.275265194475650787e-02
9.680800139904022217e-03
-5.354404449462890625e-02
-6.681843101978302002e-02
-4.738862812519073486e-02
-4.844149574637413025e-02
-4.895704984664916992e-02
-3.623342514038085938e-02
-7.998081296682357788e-02
-1.669094152748584747e-02
-1.203608214855194092e-01
1.162581816315650940e-01
1.833961345255374908e-02
-2.510561316739767790e-04
2.938890457153320312e-01
2.375629246234893799e-01
1.213436201214790344e-01
2.069281935691833496e-01
-2.031553238630294800e-01
-3.480866551399230957e-02
1.895949617028236389e-02
-1.168725565075874329e-01
-9.945264458656311035e-02
-2.406323514878749847e-02
3.515170887112617493e-02
-6.985677778720855713e-02
-1.651082783937454224e-01
8.487809449434280396e-02
1.433146465569734573e-02
2.351327687501907349e-01
-7.511822134256362915e-02
1.778925657272338867e-01
-9.458842873573303223e-02
-2.489842299837619066e-04
5.339407324790954590e-01
-1.429278254508972168e-01
-2.403004909865558147e-04
-3.613886833190917969e-01
-2.062555253505706787e-01
-7.432174682617187500e-02
8.904068171977996826e-02
2.962361872196197510e-01
8.115490525960922241e-02
1.406996995210647583e-01
-1.496997028589248657e-01
-5.059130117297172546e-02
-9.702593833208084106e-02
2.780295675620436668e-03
8.610913902521133423e-02
2.376078628003597260e-02
-1.342036873102188110e-01
1.431997120380401611e-02
7.019422948360443115e-02
-2.705809175968170166e-01
1.072793677449226379e-01
-6.042186915874481201e-02
7.476504147052764893e-02
1.457560360431671143e-01
2.274419367313385010e-01
-4.971369728446006775e-02
-4.236499592661857605e-02
1.973347924649715424e-02
-2.638834416866302490e-01
-1.448437124490737915e-01
1.014779731631278992e-01
2.501652948558330536e-02
1.649019122123718262e-02
-1.925236778333783150e-03
-9.432864934206008911e-02
1.241861935704946518e-02
-9.723597206175327301e-03
-4.107978567481040955e-02
9.343326091766357422e-02
1.191080734133720398e-01
1.080044582486152649e-01
-8.552695810794830322e-02
-2.845801115036010742e-01
-4.938742518424987793e-02
-4.080247133970260620e-02
9.405617415904998779e-02
-7.635501027107238770e-02
4.119201004505157471e-01
-9.680058062076568604e-02
-1.976474374532699585e-01
4.449886456131935120e-02
6.974147260189056396e-02
-4.112325608730316162e-03
-6.630805134773254395e-02
1.977411098778247833e-02
-7.444583624601364136e-02
3.714321181178092957e-02
3.577900528907775879e-01
8.425118401646614075e-03
3.544561937451362610e-02
4.035194590687751770e-02
5.797773227095603943e-02
2.065089792013168335e-01
-1.962485164403915405e-02
3.117486648261547089e-02
3.013278730213642120e-02
1.477553248405456543e-01
-1.907400973141193390e-02
7.256673276424407959e-02
5.794234946370124817e-02
-2.367243021726608276e-01
3.847970440983772278e-02
-1.985445059835910797e-02
-3.830966074019670486e-03
1.405746936798095703e-01
-5.412952601909637451e-02
-5.772003903985023499e-02
1.244961284101009369e-02
-3.875082358717918396e-02
3.066504560410976410e-02
-7.913159579038619995e-02
-7.723325397819280624e-03
-1.458254009485244751e-01
5.512767285108566284e-02
-4.144380614161491394e-02
-1.972449570894241333e-02
5.645024776458740234e-02
6.662324815988540649e-02
5.155378207564353943e-02
1.133241876959800720e-01
2.038391306996345520e-02
-5.193645879626274109e-02
1.471215765923261642e-02
1.745984889566898346e-02
2.163612470030784607e-02
-3.369877859950065613e-02
-4.540003836154937744e-02
1.509340107440948486e-01
-3.527859225869178772e-02
3.116074949502944946e-02
2.018443048000335693e-01
1.443581134080886841e-01
-3.451019525527954102e-02
4.379771649837493896e-02
8.804092556238174438e-02
1.062527969479560852e-01
5.266819149255752563e-02
4.029359295964241028e-02
3.358721435070037842e-01
2.452419698238372803e-02
1.963099092245101929e-01
2.803199589252471924e-01
-7.577627897262573242e-02
6.369002908468246460e-02
-1.582714030519127846e-03
2.795957215130329132e-02
1.128682419657707214e-01
9.572493284940719604e-02
-4.843430966138839722e-02
1.449270695447921753e-01
4.068183526396751404e-02
1.865306496620178223e-02
5.214954540133476257e-02
1.672791317105293274e-02
1.693764887750148773e-02
2.118838764727115631e-02
-2.817461192607879639e-01
-1.615677756490185857e-04
1.690868288278579712e-02
4.970314912497997284e-03
2.299179323017597198e-04
-7.587704062461853027e-02
6.666539609432220459e-02
-1.315938532352447510e-01
1.351626664400100708e-01
7.460138946771621704e-02
-1.955720037221908569e-01
-4.003081098198890686e-02
1.252724323421716690e-02
-6.563217192888259888e-02
4.612475261092185974e-02
2.500277757644653320e-01
-3.909796848893165588e-02
8.161535859107971191e-02
3.117294423282146454e-02
-6.705719977617263794e-02
-2.537399157881736755e-02
4.072136059403419495e-02
4.972674418240785599e-03
7.069271523505449295e-03
3.001626133918762207e-01
-5.584817379713058472e-02
-6.523077189922332764e-02
-1.002066396176815033e-02
1.981321275234222412e-01
-2.659309506416320801e-01
-3.986440971493721008e-02
-7.921249419450759888e-02
1.531957536935806274e-01
1.937009207904338837e-02
-8.208930492401123047e-02
2.836692892014980316e-02
-1.754674874246120453e-02
3.738352060317993164e-01
2.028326317667961121e-02
2.680893838405609131e-01
1.270273029804229736e-01
5.035003274679183960e-02
9.942059218883514404e-02
2.851597778499126434e-02
4.609522223472595215e-02
6.249410510063171387e-01
4.785177484154701233e-02
1.208508387207984924e-02
7.940187305212020874e-02
-3.954491764307022095e-02
9.377288818359375000e-02
1.190599985420703888e-02
4.380225539207458496e-01
-3.809119760990142822e-01
5.367100611329078674e-02
6.371671706438064575e-02
-2.549175918102264404e-01
2.659174613654613495e-02
-5.859224125742912292e-03
-5.609431490302085876e-02
2.702460624277591705e-02
-8.079639077186584473e-02
-3.856897586956620216e-03
-3.534561395645141602e-01
9.892306476831436157e-02
8.132359944283962250e-03
6.858118623495101929e-02
-3.201133757829666138e-02
2.366017550230026245e-03
-1.346454769372940063e-02
-2.422395907342433929e-02
6.250156555324792862e-03
-4.375565331429243088e-03
-7.231455761939287186e-03
1.719708926975727081e-02
-8.110873401165008545e-02
1.479784213006496429e-02
-1.119786947965621948e-01
-4.094819724559783936e-02
1.568638905882835388e-02
9.717728011310100555e-03
2.849721349775791168e-02
1.836258545517921448e-02
4.318914189934730530e-02
-6.356279551982879639e-02
5.377574265003204346e-02
1.850019581615924835e-02
-3.722040448337793350e-03
2.627715468406677246e-02
-4.805902019143104553e-02
-3.621133218985050917e-04
-4.391400609165430069e-03
-1.715399324893951416e-01
3.843332454562187195e-02
-2.508850209414958954e-02
3.462847694754600525e-02
-5.687447786331176758e-01
-3.250455018132925034e-03
8.931191405281424522e-04
5.300791189074516296e-02
4.086740314960479736e-02
-9.748930484056472778e-02
1.846675761044025421e-02
-1.198740117251873016e-02
4.906290769577026367e-02
-1.549685746431350708e-01
1.416753279045224190e-03
-4.782534390687942505e-02
-7.538415491580963135e-02
-5.388689041137695312e-01
1.960501074790954590e-01
-4.577263817191123962e-02
4.320744797587394714e-02
2.358527630567550659e-01
-1.162733584642410278e-01
-3.110996261239051819e-02
-3.851055400446057320e-03
-4.352321382611989975e-03
5.072235316038131714e-02
-2.577240951359272003e-02
-2.456876216456294060e-03
5.521311238408088684e-02
-1.494140457361936569e-02
3.130518132820725441e-03
-1.991575211286544800e-02
1.676874980330467224e-02
-2.959690056741237640e-02
-4.208810627460479736e-02
-4.985960666090250015e-03
1.447652175556868315e-04
2.682753279805183411e-02
-2.307163625955581665e-01
2.313006734766531736e-05
-2.139531522989273071e-01
2.556976377964019775e-01
-5.868648737668991089e-02
1.248424425721168518e-01
5.081947427242994308e-03
2.213287651538848877e-01
2.117916047573089600e-01
5.870224162936210632e-02
1.092389523983001709e-01
-1.579144597053527832e-01
-1.259115338325500488e-01
-1.144819110631942749e-01
1.400738954544067383e-01
-1.972495764493942261e-01
-1.114254370331764221e-01
-7.838853448629379272e-02
-8.152709156274795532e-02
-2.261659651994705200e-01
-1.369905024766921997e-01
9.662859886884689331e-02
-1.794101744890213013e-01
-1.114866808056831360e-01
-1.631467640399932861e-01
-8.893202990293502808e-02
2.252009809017181396e-01
2.030059322714805603e-02
-2.419814281165599823e-02
-9.806387871503829956e-02
-5.473842099308967590e-02
-9.261872619390487671e-02
3.818066120147705078e-01
1.194030493497848511e-01
1.145477369427680969e-01
2.838566340506076813e-02
-1.457413136959075928e-01
1.985863745212554932e-01
-2.034286111593246460e-01
2.266091108322143555e-01
7.163643836975097656e-03
3.464632630348205566e-01
-1.166386678814888000e-01
-6.711395084857940674e-02
-1.130642369389533997e-01
7.489325106143951416e-02
-2.835495769977569580e-02
1.594016551971435547e-01
-1.496080458164215088e-01
1.864642351865768433e-01
1.486810743808746338e-01
-7.991511374711990356e-02
-1.411891281604766846e-01
-1.538538932800292969e-01
-2.492621541023254395e-01
-9.346472471952438354e-02
-3.539476171135902405e-02
-2.232883498072624207e-02
-1.431378275156021118e-01
-2.379603385925292969e-01
8.501523733139038086e-02
2.894485592842102051e-01
-2.446885555982589722e-01
1.021374091506004333e-01
-7.324248552322387695e-02
-1.092742905020713806e-01
-1.715367659926414490e-02
1.467761546373367310e-01
-4.517742246389389038e-02
5.861077923327684402e-03
1.173792965710163116e-02
-2.309536635875701904e-01
-1.179218217730522156e-01
1.640594098716974258e-03
3.172092512249946594e-02
1.521453708410263062e-01
1.077269390225410461e-01
2.401160076260566711e-02
2.195426635444164276e-02
1.507229208946228027e-01
-5.907350778579711914e-02
4.868006333708763123e-02
-1.064746603369712830e-01
-2.483469201251864433e-03
-8.768487721681594849e-02
-2.148640602827072144e-01
-2.621632814407348633e-02
6.645842641592025757e-02
-4.518071562051773071e-02
6.516607850790023804e-02
-5.431512743234634399e-02
-1.903419196605682373e-02
-1.944171935319900513e-01
-1.928883977234363556e-02
-2.200821414589881897e-02
-2.573852241039276123e-02
1.723849773406982422e-02
-3.170873522758483887e-01
5.498337745666503906e-02
-2.746419422328472137e-02
8.481276780366897583e-02
1.127418950200080872e-01
4.865542054176330566e-02
1.933951079845428467e-01
-7.299987971782684326e-02
3.553877025842666626e-02
-2.173709683120250702e-02
-2.787404656410217285e-01
-1.828677058219909668e-01
-6.238585710525512695e-02
-9.634511917829513550e-02
1.186619102954864502e-01
-6.788054108619689941e-02
-8.245357871055603027e-02
-2.598517537117004395e-01
8.175454288721084595e-02
-7.805616408586502075e-02
3.111721016466617584e-02
1.099315807223320007e-01
1.688722670078277588e-01
6.446021795272827148e-02
-2.320871129631996155e-02
-9.895480424165725708e-02
7.872331142425537109e-02
-5.639015883207321167e-02
-5.338397994637489319e-02
-5.507158130058087409e-05
-2.027432247996330261e-02
-3.095293790102005005e-02
-3.934249980375170708e-05
-8.201577514410018921e-02
7.825672626495361328e-02
-3.498114820104092360e-04
6.799567490816116333e-02
5.152513086795806885e-02
7.072853296995162964e-02
2.737371921539306641e-01
-2.833030559122562408e-02
1.926643215119838715e-02
-1.762175112962722778e-01
-2.646555006504058838e-01
-4.477548599243164062e-02
-9.350029379129409790e-02
-2.027094922959804535e-02
-6.079724431037902832e-02
-3.800846636295318604e-02
8.601355366408824921e-03
8.937548846006393433e-02
-6.152258440852165222e-02
-1.355309784412384033e-01
5.860400851815938950e-03
-6.125396117568016052e-02
-5.965788848698139191e-03
-1.140088215470314026e-01
2.009173184633255005e-01
-3.318442404270172119e-02
-1.404282748699188232e-01
-4.269077442586421967e-03
8.752933703362941742e-03
-6.497635692358016968e-02
-3.760788217186927795e-02
4.282116889953613281e-02
-1.592116057872772217e-01
5.978363379836082458e-02
-9.717468917369842529e-02
-1.355260014533996582e-01
1.436123102903366089e-01
5.542277172207832336e-02
1.186749152839183807e-02
3.826037421822547913e-02
-1.048715785145759583e-03
6.994435191154479980e-02
-5.294718965888023376e-02
-1.291697025299072266e-01
-7.595371454954147339e-02
2.167213335633277893e-02
1.131144464015960693e-01
-2.447323054075241089e-01
4.222403764724731445e-01
6.939454674720764160e-01
7.659441977739334106e-02
3.401756882667541504e-01
2.975271344184875488e-01
7.629421539604663849e-03
-5.428515374660491943e-02
-4.566077888011932373e-02
4.429580271244049072e-02
-1.056138575077056885e-01
-2.934248447418212891e-01
7.658942043781280518e-02
-6.168573349714279175e-02
4.167710617184638977e-02
-3.973830491304397583e-02
-7.472286466509103775e-03
-3.585572540760040283e-02
-5.567284300923347473e-03
2.332762582227587700e-03
6.625423207879066467e-03
-1.144607514142990112e-01
8.337914943695068359e-03
-3.212166950106620789e-02
8.481729775667190552e-03
-2.944453656673431396e-01
6.147857755422592163e-03
-1.601138897240161896e-02
4.130820930004119873e-02
2.872893586754798889e-02
-4.026521369814872742e-02
-4.972958937287330627e-02
-2.642324008047580719e-02
4.947653505951166153e-03
-4.038603603839874268e-01
-7.058718055486679077e-02
2.004010835662484169e-03
-8.473617583513259888e-02
-2.168360538780689240e-02
-1.121230144053697586e-02
-1.707848012447357178e-01
2.494921535253524780e-02
-2.618514895439147949e-01
-1.478603202849626541e-02
-4.470142722129821777e-02
-7.351271808147430420e-02
-3.834037110209465027e-02
6.613445281982421875e-02
3.221087902784347534e-02
-7.538961619138717651e-02
3.914620354771614075e-02
-2.257051819469779730e-04
-6.095365621149539948e-03
1.044797226786613464e-01
-1.310756336897611618e-02
-2.040814980864524841e-02
-4.157731309533119202e-02
-8.412834256887435913e-02
1.242417618632316589e-01
-3.465924039483070374e-02
1.900516636669635773e-02
1.027821302413940430e-01
-3.250994533300399780e-02
-1.150051876902580261e-02
-5.249166488647460938e-02
-3.196449577808380127e-02
1.092210859060287476e-01
-4.505804553627967834e-02
5.861931946128606796e-03
3.516668453812599182e-02
-4.023682698607444763e-02
2.838316559791564941e-02
-5.936621222645044327e-03
-4.193125665187835693e-02
8.213470689952373505e-03
-2.962561137974262238e-02
-2.199141681194305420e-02
"
"
0.0311339 0.0143721 0.0487968 -0.00711819 0.0456916 -0.000737003 0.0113606 0.0512801 1.58634e-06 0.0319892 0.0801432 0.0240182 0.0602994 0.0279146 0.0367377 0.00125886
