0.39 0.58 0.22 0.04 0.95 0.52 0.69 0.79 0.38 0.23 0.18 0.66 0.59 0.98 0.86 0.96 0.62 0.33 0.58 0.22 0.46 0.92 0.37 0.25 0.47 0.58 0.02 0.07 0.98 0.3 0.92 0 
0.78 0.99 0.52 0.48 0.82 0.4 0.15 0.75 0.62 0.67 0.36 0.97 0.18 0.97 0.28 0.51 0.16 0.3 0.49 0.25 0.58 0.29 0.2 0.4 0.6 0.47 0.62 0.55 0.75 0.92 0.61 0.54 
0.98 0.46 0.14 0.46 0.88 0.69 0.38 0.63 0.75 0.15 0.21 0.75 0.15 0.28 0.34 0.7 0.05 0.64 0.57 0.62 0.61 0.24 0.49 0.69 0.3 0.23 0.5 0.33 0.25 0.1 0.37 0.36 
0.37 0.78 0.93 0.36 0.14 0.64 0.91 0.49 0.35 0.05 0.37 0.04 0.37 0.23 0.64 0.7 0.08 0.68 0.81 0.85 0.52 0.73 0.52 0.94 0.76 0.26 0.96 0.72 0.49 0.4 0.74 0.19 
0.43 0.11 0.41 0.89 0.19 0.65 0.05 0.85 0.16 0.5 0.15 0.09 0.64 0.66 0.93 0.74 0.09 0 0.95 0.73 0.89 0.61 0.72 0.68 0.58 0.31 0.68 0.26 0.1 0.22 0.74 0.79 
0.1 0.52 0.82 0.91 0.95 0.64 0.74 0.64 0.02 0.55 0.6 0.74 0.72 0.21 0.22 0.47 0.77 0.89 0.05 0.95 0.94 0.5 0.43 0.54 0.81 0.12 0.72 0.39 0.28 0.12 0.62 0.67 
0.08 0.15 0.08 0.23 0.59 0.34 0.04 0.86 0.19 0.58 0.45 0.06 0.66 0 0.67 0.92 0.87 0.32 0.56 0.74 0.47 0.21 0.83 0.22 0.31 0.76 0.83 0.48 0.23 0.82 0.18 0.76 
0.2 0.11 0.82 0.56 0.9 0.25 0.24 0.86 0.77 0.69 0.43 0.34 0.77 0.68 0.68 0.91 0.96 0.83 0.28 0.27 0.26 0.71 0.97 0.12 0.03 0.27 0.08 0.45 0.08 0.85 0.38 0.37 
0.43 0.13 0.01 0.5 0.28 0.11 0.5 0.49 0.92 0.54 0.69 0.81 0.65 0.67 0.13 0.93 0.34 0.72 0.72 0.3 0.01 0.42 0.77 0.77 0.7 0.02 0.64 0.81 0.9 0.23 0.37 0.23 
0.79 0.95 0.69 0.27 0.42 0.1 0.82 0.58 0.26 0.87 0.7 0.28 0.51 0.58 0.13 0.6 0.83 0.86 0.42 0.1 0.72 0.28 0.34 0.41 0.18 0.03 0.67 0.65 0.38 0.81 0.57 0.5 
0.14 0.98 0.58 0.61 0.63 0.56 0.07 0.78 0.89 0.35 0.65 0.75 0.86 0.86 0.33 0.6 0.3 0.48 0.28 0.92 0.33 0.4 0.66 0.35 0.1 0.99 0.37 0.92 0.82 0.28 0.52 0.69 
0.44 0.94 0.08 0.52 0.47 0.32 0.35 0.08 0.64 0.97 0.43 0.49 0.15 0.41 0.89 0 0.12 0.48 0.23 0.51 0.74 0.33 0.91 0 0.54 0.9 0.97 0.19 0.8 0.78 0.31 0.44 
0.4 0.87 0.99 0.25 0.83 0.38 0.92 0.93 0.52 0.11 0.6 0.34 0.4 0.97 0.85 0.29 0.4 0.05 0.91 0.92 0.1 0.49 0.78 0.79 0.71 0.77 0.73 0.93 0.2 0.97 0.26 0.76 
0.9 0.82 0.78 0.59 0.18 0.89 0.59 0.49 0.24 0.72 0.8 0.08 0.67 0.08 0.77 0.03 0.7 0.07 0.96 0.74 0.22 0.11 0.19 0.61 0.56 0.9 0.63 0.83 0.16 0.32 0.52 0.41 
0.54 0.13 0.62 0.96 0.6 0.15 0.04 0.99 0.36 0.8 0.98 0.32 0.87 0.84 0.4 0.17 0.06 0.7 0.41 0.82 0.49 0.23 0.58 0.05 0.21 0.95 0.96 0.16 0.78 0.78 0.79 0.58 
0.77 0.5 0.07 0.29 0.81 0.95 0.78 0.76 0.53 0.99 0.84 0.65 0.93 0.08 0.72 0.43 0.29 0.14 0.68 0.55 0.91 0.73 0.22 0.48 0.51 0.86 0.44 0.46 0.77 0.17 0.29 0.16 
0.74 0.91 0.69 0.12 0.46 0.93 0.91 0.15 0.49 0.57 0.4 0.52 0.36 0.51 0.87 0.26 0.62 0.55 0.83 0.94 0.8 0.97 0.65 0.65 0.13 0.61 0.78 0.78 0.78 0.4 0.11 0.47 
0.45 0.7 0.75 0.89 0.5 0.49 0.33 0.65 0.14 0.82 0.07 0.32 0.96 0.67 0.22 0.82 0.1 0.41 0.31 0.87 0.05 0.79 0.21 0.38 0.51 0.47 0.08 0.46 0.76 0.59 0.89 0.22 
0.66 0.86 0.55 0.28 0.14 0.6 0.53 0.77 0.48 0.03 0.61 0.31 0.82 0.55 0.97 0.06 0.52 0.21 0.96 0.81 0.21 0.55 0.47 0.24 0.18 0.35 0.76 0.74 0.59 0.98 0.74 0.53 
0.22 0.35 0.43 0.88 0.53 0.32 0.47 0.8 0.26 0.78 0.5 0.01 0.61 0.99 0.55 0.63 0.16 0.73 0.61 0.45 0.73 0.74 0.5 0.53 0.81 0.87 0.99 0.1 0.43 0.65 0.72 0.29 
0.81 0.12 0.76 0.81 0.47 0.9 0.71 0.05 0.72 0.32 0.89 0.2 0.65 0.31 0.58 0.93 0.06 0.78 0.48 0.06 0.71 0.66 0.96 0.97 0.2 0.94 0.29 0.88 0.09 0.84 0.69 0.78 
0.17 0.15 0.26 0.84 0.68 0.06 0.28 0.97 0.18 0.9 0.99 0.85 0.86 0.99 0.2 0.1 0.71 0.13 0.15 0.85 0.18 0.8 0.31 0.67 0.87 0.44 0.86 0.07 0.6 0.27 0.74 0.31 
0.52 0.71 0.68 0.93 0.85 0.37 0.11 0.04 0.77 0.06 0.68 0.22 0.13 0 0.42 0.37 0.38 0.88 0.55 0.89 0.47 0.81 0.93 0.84 0.87 0.61 0.93 0.17 0.01 0.82 0.47 0.65 
0.53 0.04 0.84 0.95 0.25 0.21 0.64 0.81 0.72 0.06 0.56 0.43 0.93 0.8 0.8 0.68 0.11 0.13 0.68 0.51 0.16 0.79 0.68 0.4 0.31 0.33 0.79 0.63 0.59 0.53 0.36 0.95 
0.65 0.74 0.2 0.35 0.8 0.76 0.55 0.25 0.71 0.08 0.59 0.56 0.02 0.32 0.05 0.4 0.75 0.62 0.85 0.62 0.8 0.36 0.97 0.02 0.08 0.8 0.4 0.76 0.58 0.93 0.4 0.46 
0.74 0.73 0.97 0.8 0.35 0.72 0 0.07 0.55 0.66 0.41 0.88 0.81 0.68 0.15 0.96 0.25 0.09 0.12 0.36 0.55 0.62 0.43 0.42 0.21 0.22 0.12 0.48 0.18 0.68 0.17 0.14 
0.5 0.9 0.35 0.59 0.69 0.95 0.03 0.4 0.79 0.99 0.05 0.91 0.61 0.81 0.52 0.53 0.33 0.29 0.87 0.42 0.53 0.83 0.2 0.14 0.18 0.44 0.63 0.29 0.52 0.64 0.69 0.7 
0.05 0.47 0.94 0.87 0.26 0.76 0.23 0.4 0.79 0.9 0.88 0.1 0.71 0.45 0.21 0.7 0.83 0.89 0.55 0.78 0.79 0.06 0.62 0.35 0.87 0.96 0.33 0.88 0.35 0.79 0.93 0.9 
0.62 0.65 0.01 0.05 0.07 0.67 0.69 0.34 0.71 0.57 0.98 0.45 0.97 0.18 0.38 0.44 0.72 0.63 0.28 0.64 0.01 0.23 0.9 0.04 0.01 0.27 0.97 0.92 0.71 0.63 0.01 0.63 
0.21 0.65 0.21 0.45 0.1 0.95 0.41 0.22 0.12 0.51 0.15 0.55 0.93 0.38 0.79 0.82 0.08 0.54 0.22 0.07 0.45 0.38 0.44 0.9 0.39 0.54 0.04 0.23 0.25 0.78 0.24 0.81 
0.3 0.33 0.23 0.94 0.3 0.46 0.87 0.45 0.05 0.16 0.5 0.89 0.38 0.63 0.35 0.97 0.09 0.3 0.24 0.08 0.37 0.74 0.2 0.72 0.93 0.55 0.34 0.61 0.56 0.06 0.84 0.75 
0.82 0.19 0.41 0.32 0.84 0.79 0.79 0.83 0.67 0.36 0.25 0.18 0.37 0.28 0.19 0.77 0.37 0.91 0.56 0.95 0.6 0.01 0.93 0.32 0.36 0.8 0.75 0.07 0.84 0.74 0.19 0.9 
0.76 0.41 0.51 0.29 0.9 0.74 0.72 0.91 0.89 0.87 0.9 0.39 0.93 0.53 0.63 0.81 0.03 0.05 0.76 0.79 0.95 0.39 0.68 0.98 0.83 0.39 0.15 0.21 0.93 0.26 0.22 0.38 
0.28 0.81 0.99 0.78 0.91 0.23 0.43 0.34 0.43 0.49 0.02 0.07 0.02 0.41 0.87 0.46 0.91 0.37 0.13 0 0.16 0.9 0.62 0.35 0.26 0.1 0.77 0.82 0.6 0.89 0.05 0.74 
0.63 0.22 0.95 0.66 0.6 0.38 0.88 0.11 0.45 0.67 0.25 0.67 0.89 0.42 0.63 0.47 0.02 0.17 0.99 0.23 0.26 0.03 0.48 0.51 0.7 0.36 0.58 0.67 0.56 0.05 0.31 0.62 
0.19 0.75 0.56 0.31 0.95 0.44 0.91 0.03 0.88 0.15 0.5 0.19 0.72 0.91 0.83 0.33 0.75 0.42 0.69 0 0.54 0.78 0.85 0.57 0.33 0.93 0.9 0.03 0.5 0.33 0.22 0.71 
0.11 0.9 0.38 0.41 0.58 0.47 0.52 0.58 0.79 0.02 0.83 0.9 0.02 0.68 0.22 0.95 0.35 0.08 0.61 0.42 0.94 0.99 0.88 0.78 0.42 0.57 0.41 0.47 0.69 0.45 0.8 0.13 
0.64 0.1 0.61 0.85 0.73 0.04 0.62 0.03 0.02 0.69 0.54 0.29 0.52 0.74 0.49 0.3 0.44 0.44 0.49 0.18 0.65 0.63 0.52 0.73 0.7 0.31 0.47 0.11 0.69 0.98 0.98 0.03 
0.52 0.79 0.53 0.43 0.22 0.88 0.63 0.34 0.5 0.22 0.4 0.11 0.92 0.51 0.8 0.77 0.16 0.76 0.78 0.2 0.15 0.48 0.98 0.79 0.35 0.57 0.83 0.62 0.02 0.62 0.2 0.7 
0.22 0.73 0.41 0.86 0.88 0.17 0.17 0.92 0.98 0.67 0.49 0.65 0.89 0.32 0.19 0.81 0.03 0.3 0.28 0.31 0.89 0.52 0.3 0.72 0.64 0.07 0.95 0.28 0.81 0.9 0.1 0.77 
0.71 0.36 0.59 0.43 0.4 0.33 0.37 0.93 0.3 0.74 0.93 0.82 0.03 0.61 0.9 0.62 0.07 0.97 0.51 0.23 0.9 0.17 0.4 0.03 0.66 0.83 0.61 0.59 0.45 0.86 0.51 0.65 
0.01 0.4 0.09 0.97 0.83 0.5 0.58 0.21 0.75 0.81 0.87 0.71 0.87 0.99 0.04 0.79 0.38 0 0.3 0.61 0.18 0.05 0.4 0.28 0.59 0.22 0.98 0.6 0.98 0.35 0.81 0.14 
0.67 0.93 0.96 0.61 0.46 0.38 0.7 0.38 0.76 0.55 0.17 0.71 0.6 0.52 0.58 0.33 0.55 0.65 0.26 0.01 0.34 0.59 0.93 0.48 0.73 0.92 0.93 0.33 0.37 0.03 0.9 0.11 
0.94 0.68 0.27 0.98 0.89 0.48 0.79 0.47 0.49 0.31 0.69 0.75 0.98 0.49 0.36 0.99 0.23 0.43 0.31 0.54 0.61 0.34 0.85 0.67 0.16 0.93 0.04 0.66 0.53 0.08 0.23 0.84 
0.92 0.67 0.48 0.69 0.3 0.11 0.14 0.9 0.27 0.43 0.04 0.99 0.74 0.95 0.06 0.58 0.89 0.58 0.09 0.89 0.47 0.4 0.18 0.64 0.75 0.26 0.89 0.03 0.66 0.12 0.4 0.7 
0.76 0.95 0.41 0.86 0.51 0.09 0.87 0.83 0.85 0.9 0.5 0.86 0.55 0.81 0.28 0.02 0.77 0.62 0.24 0.65 0.72 0.32 0.85 0.28 0.46 0.89 0.78 0.83 0.25 0.65 0.6 0.45 
0.78 0.21 0.55 0.2 0.27 0.73 0.34 0.51 0.75 0.36 0.34 0.01 0.37 0.1 0.74 0.9 0.56 0.71 0.8 0.35 0.45 0.82 0.25 0.18 0.73 0.12 0.37 0.98 0.05 0.62 0.17 0.92 
0.39 0.47 0.46 0.03 0.31 0.15 0.39 0.58 0.29 0.45 0.94 0.99 0.45 0.72 0.75 0.62 0.72 0.73 0.8 0.38 0.97 0.42 0.08 0.03 0.77 0.25 0.34 0.01 0.78 0.82 0.69 0.36 
0.78 0.39 0.38 0.21 0.26 0.63 0.77 0.75 0.24 0.81 0 0.61 0.62 0.02 0.48 0.95 0.84 0.16 0.37 0.07 0.93 0.84 0.44 0.59 0.21 0.58 0.43 0.68 0.77 0.19 0.57 0.41 
0.91 0.64 0.23 0.15 0.72 0.29 0.41 0.15 0.15 0.36 0.57 0.59 0 0.52 0.93 0.41 0.29 0.48 0.27 0.98 0.24 0.24 0.74 0.33 0.85 0.38 0.7 0.62 0.29 0.84 0.09 0.78 
0.23 0.85 0 0.24 0.93 0.05 0.12 0.65 0.67 0.07 0.77 0.84 0.04 0.9 0.34 0.91 0.21 0.85 0.34 0.9 0.42 0.98 0.86 0.18 0.21 0.24 0.97 0.76 0.54 0.69 0.08 0.27 
0.93 0.68 0.66 0.02 0.38 0 0.19 0.18 0.9 0.84 0.39 0.56 0.08 0.32 0.78 0.14 0.87 0.39 0.74 0.2 0.27 0.54 0.88 0.41 0.98 0.42 0.02 0.21 0.04 0.46 0.56 0.09 
0.33 0.08 0.61 0.33 0.86 0.04 0.85 0.42 0.42 0.6 0.61 0.2 0.43 0.78 0.87 0.13 0.63 0.91 0.34 0.15 0.56 0.61 0.12 0.11 0.59 0.51 0.38 0.7 0.24 0.07 0.07 0.84 
0.51 0.01 0.89 0.58 0.41 0.9 0.13 0.12 0.55 0.6 0.93 0.72 0.02 0.76 0.43 0.73 0.66 0.51 0.75 0.28 0.32 0.61 0.69 0.03 0.29 0.07 0.92 0.51 0.53 0.92 0.7 0.19 
0.72 0.07 0.94 0.05 0.4 0.83 0.62 0.09 0.07 0.38 0.6 0.71 0.71 0.54 0.47 0.14 0.23 0.29 0.89 0.66 0.87 0.56 0.32 0.7 0.39 0.66 0.22 0.83 0.6 0.53 0.05 0.91 
0.59 0.86 0.87 0.29 0.42 0.17 0.45 0.56 0.88 0.52 0.54 0.66 0.33 0.6 0.19 0.31 0.38 0.67 0.76 0.98 0.14 0.2 0.53 0.07 0.69 0.16 0.22 0.42 0.07 0.63 0.6 0.47 
0.93 0.3 0.17 0.43 0.76 0.14 0.26 0.17 0.34 0.2 0.71 0.92 0.64 0.54 0.66 0.93 0.64 0.75 0 0.12 0 0.51 0.76 0.79 0.43 0.77 0.89 0.61 0.85 0.72 0.34 0.44 
0.61 0.63 0.04 0.46 0.88 0.08 0.57 0.3 0.23 0.64 0.74 0.46 0.37 0.81 0.18 0.11 0.92 0.91 0.32 0.23 0.61 0.91 0.61 0.3 0.98 0.69 0.91 0 0.79 0.17 0.17 0.14 
0.95 0.41 0.36 0.67 0.28 0.53 0.09 0.73 0.81 0.03 0.69 0.16 0.83 0.67 0.85 0.02 0.3 0.57 0.81 0.67 0.1 0.66 0.87 0.71 0.77 0.45 0.64 0.38 0.71 0.47 0.15 0.92 
0.11 0.57 0.05 0.53 0.71 0.8 0.4 0.3 0.75 0.2 0.9 0.77 0.98 0.86 0.04 0.89 0.31 0.44 0.88 0.1 0.18 0.19 0.59 0.27 0.09 0.19 0.79 0.16 0 0.96 0.53 0.58 
0.3 0.93 0.06 0.49 0.54 0.72 0.6 0.94 0.54 0.33 0.46 0.29 0.71 0.28 0.59 0.41 0.21 0.88 0.66 0.33 0.85 0.7 0.29 0.61 0.6 0.08 0.82 0.62 0.06 0.78 0.79 0.97 
0.87 0.38 0.69 0.83 0.4 0.95 0.66 0.33 0.09 0.57 0.17 0.34 0.53 0.35 0.58 0.93 0.43 0.93 0.66 0.51 0.4 0.94 0.37 0.74 0.12 0.97 0.51 0.95 0.17 0.92 0.92 0.37 
0.3 0.13 0.96 0.1 0.89 0.28 0.09 0.86 0.44 0.4 0.82 0.69 0.2 0.93 0.92 0.62 0.14 0.27 0.07 0.94 0.05 0.13 0.11 0.13 0.93 0.64 0.03 0.95 0.62 0.81 0.46 0.09 
0.48 0.68 0.24 0.11 0.54 0.35 0.27 0.33 0.4 0.62 0.27 0.77 0.17 0.4 0.42 0 0 0.58 0.76 0.54 0.35 0.3 0.31 0.95 0.37 0.23 0.22 0.27 0.29 0.11 0.11 0.54 
0.8 0.53 0.93 0.21 0.85 0.28 0.43 0 0.55 0.71 0.7 0.52 0.75 0.31 0.4 0.34 0.4 0.86 0.34 0.48 0.39 0.65 0.96 0.12 0.62 0.52 0.31 0.87 0.64 0.57 0.48 0.56 
0.7 0.5 0.82 0.01 0.93 0.99 0.32 0.44 0.31 0.75 0.04 0.5 0.26 0.66 0.38 0.01 0.23 0.43 0.41 0.8 0.95 0.18 0.59 0.63 0.28 0.29 0.88 0.54 0.13 0.79 0.69 0.66 
0.79 0.77 0.37 0.02 0.15 0.92 0.23 0.72 0.48 0.23 0.53 0.48 0.95 0.97 0.08 0.08 0.11 0.93 0.65 0.81 0.02 0.1 0.28 0.56 0.05 0.65 0.23 0.69 0.15 0.53 0.05 0.84 
0.78 0.45 0.4 0.33 0.85 0 0.68 0.94 0.33 0.85 0.48 0.81 0.32 0.56 0.1 0.72 0.82 0.01 0.06 0.35 0.6 0.71 0.27 0.37 0.43 0.68 0.33 0.95 0.71 0.03 0.42 0.11 
0.79 0.34 0.12 0.93 0.3 0.61 0.34 0.58 0.26 0.06 0.91 0.43 0.88 0.27 0.19 0.84 0.24 0.93 0.35 0.24 0.94 0.82 0.67 0.27 0.05 0.46 0.86 0.89 0.4 0.37 0.5 0.59 
0.78 0.56 0.77 0.03 0.42 0 0.11 0.25 0.43 0.95 0.16 0.15 0.04 0.06 0.68 0.41 0.35 0.98 0.25 0.13 0.23 0.12 0.18 0.57 0.96 0.39 0.86 0.94 0.46 0.43 0.22 0.11 
0.8 0.55 0.58 0.47 0.7 0.9 0.73 0.27 0.13 0.54 0.96 0.72 0.5 0.41 0.41 0.46 0.25 0.13 0.24 0.29 0.95 0.03 0.94 0.93 0.67 0.87 0.4 0.79 0.41 0.25 0.34 0.6 
0 0.07 0.21 0.92 0.93 0.17 0.17 0.03 0.43 0.93 0.39 0.11 0.25 0.28 0.78 0.48 0.5 0.92 0.44 0.54 0.23 0.53 0.36 0.47 0.46 0.26 0.61 0.04 0.38 0.71 0.86 0.05 
0.99 0.56 0.28 0.67 0.51 0.19 0.91 0.66 0.17 0.46 0.93 0.87 0.21 0.12 0.67 0.99 0.44 0.97 0.01 0.28 0.42 0.04 0.68 0.68 0.41 0.96 0.62 0.2 0.44 0.18 0.25 0.19 
0.84 0.74 0.84 0.59 0.49 0.14 0.95 0.03 0.32 0.51 0.37 0.14 0.63 0.51 0.19 0.9 0.17 0.83 0.18 0.84 0.52 0.86 0.69 0.48 0.37 0.97 0.24 0.68 0.27 0.48 0.93 0.82 
0.71 0.69 0.93 0.77 0.14 0.04 0.84 0.43 0.95 0.11 0.93 0.92 0.98 0.9 0.99 0.9 0.93 0.74 0.49 0.74 0.14 0.73 0.69 0.18 0.65 0.33 0.38 0.11 0.52 0.63 0.08 0.49 
0.88 0.45 0.31 0.2 0.06 0.71 0.68 0.21 0.58 0.57 0.47 0.82 0.38 0.22 0.23 0.06 0.06 0.89 0.56 0.45 0.51 0.23 0.18 0.5 0.97 0.36 0.91 0.06 0.1 0.13 0.51 0.8 
0.44 0.43 0.41 0.45 0.78 0.49 0.05 0.14 0.85 0.27 0.24 0.04 0.56 0.17 0.27 0.55 0.02 0.86 0.68 0.98 0.79 0.11 0.89 0.58 0.9 0.75 0.1 0.32 0.89 0.96 0.5 0.12 
0.22 0.29 0.72 0.36 0.77 0.53 0.76 0.7 0.85 0.52 0.51 0.97 0.51 0.01 0.35 0.93 0.72 0.16 0.16 0.28 0.11 0.25 0.38 0.96 0.39 0.44 0.56 0.26 0.02 0.58 0.88 0.21 
0.86 0.08 0.77 0.28 0.79 0.47 0.49 0.8 0.45 0.28 0.62 0.26 0.19 0.77 0.91 0.47 0.85 0.31 0.06 0.84 0.54 0.69 0.09 0.56 0.21 0.45 0.65 0.16 0.6 0.97 0.35 0.9 
0.77 0.49 0.05 0.86 0.88 0.75 0.43 0.77 0.3 0.87 0.55 0.82 0.53 0 0.54 0.89 0.88 0.15 0.08 0.1 0.4 0.99 0.97 0.07 0.54 0.04 0.37 0.85 0.99 0.92 0.13 0.12 
0.82 0.83 0.51 0.29 0.37 0.33 0 0.64 0.83 0.57 0.68 0.1 0.68 0.08 0.41 0.32 0.37 0.84 0.99 0.01 0.69 0.83 0.56 0.92 0.4 0.87 0.12 0.1 0.2 0.35 0.63 0.15 
0.97 0.77 0.74 0.34 0.53 0.33 0.78 0.86 0.24 0.34 0.75 0.49 0.12 0.84 0.24 0.92 0.04 0.22 0.55 0.13 0.62 0.73 0.84 0.6 0.22 0.53 0.97 0.22 0.5 0.37 0.17 0.06 
0.31 0.97 0.05 0.36 0.57 0.99 0.9 0.98 0.85 0.47 0.84 0.92 0.25 0.96 0.55 0.28 0.38 0.42 0.28 0.95 0.42 0.37 0.06 0.67 0.53 0.93 0.05 0.46 0.09 0.24 0.54 0.65 
0.39 0.06 0.09 0.92 0.99 0.75 0.36 0.61 0.47 0.18 0.13 0.27 0.12 0.96 0.09 0.41 0.3 0.9 0.34 0.15 0.86 0.23 0.66 0.44 0.36 0.37 0.16 0.93 0.49 0.71 0.44 0.77 
0.85 0 0.9 0.85 0.25 0.18 0.68 0.06 0.29 0.08 0.41 0.25 0.36 0.8 0.16 0.7 0.84 0.47 0.28 0.36 0.04 0 0.23 0.64 0.11 0.4 0.5 0.04 0.83 0.66 0.41 0.7 
0.45 0.06 0.88 0.56 0.07 0.66 0.57 0.78 0.99 0.74 0.55 0.91 0.9 0.32 0.58 0.96 0.17 0.9 0.67 0.07 0.34 0.46 0.62 0.02 0.39 0.26 0.95 0.06 0.14 0.5 0.86 0.79 
0.76 0.22 0.79 0.01 0.12 0.76 0.64 0.57 0.7 0.38 0.12 0.44 0.61 0.8 0 0.43 0.56 0.61 0.47 0.39 0.08 0.9 0.52 0.79 0.18 0.19 0.07 0.84 0.47 0.77 0.75 0.13 
0.09 0.71 0.42 0.39 0.36 0.21 0.01 0.34 0.29 0.58 0.36 0.69 0.97 0.04 0.98 0.02 0.05 0.38 0.32 0.65 0.16 0.81 0.79 0.23 0.27 0.71 0.13 0.82 0.4 0.16 0.88 0.19 
0.89 0.13 0.59 0.51 0.71 0.83 0.64 0.38 0.12 0.84 0.59 0.01 0.74 0.33 0.59 0.14 0.49 0.95 0.22 0.41 0.16 0.77 0.52 0.65 0.91 0.38 0.1 0.67 0.55 0.87 0.24 0.22 
0.39 0.41 0.48 0.04 0.34 0.68 0.41 0.72 0.68 0.74 0.76 0.37 0.33 0.41 0.45 0.18 0.15 0.74 0.52 0.46 0.56 0.24 0.66 0.81 0.44 0.4 0.34 0.96 0.76 0.27 0.05 0.18 
0.91 0.41 0.65 0.91 0.71 0.59 0 0.17 0.16 0.43 0.24 0.64 0.05 0.57 0.02 0.66 0.75 0.46 0.32 0.89 0.46 0.45 0.03 0.52 0.01 0.26 0.53 0.84 0.49 0.5 0.05 0.46 
0.25 0.7 0.36 0.95 0.93 0.23 0.32 0.56 0.96 0.1 0.76 0.92 0.5 0.9 0.95 0.52 0.5 0.15 0.36 0.61 0.6 0.84 0.29 0.34 0.5 0.82 0.06 0.36 0.84 0.9 0.17 0.82 
0.66 0.16 0.88 0.25 0.01 0.1 0.5 0.82 0.21 0.93 0.38 0.54 0.93 0.95 0.8 0.38 0.67 0.2 0.45 0.83 0.65 0.96 0.33 0.9 0.32 0.89 0.39 0.83 0.17 0.29 0.53 0.79 
0.13 0 0.52 0.45 0.61 0.51 0.18 0.63 0.13 0.07 0.54 0.76 0.17 0.11 0.29 0.64 0.66 0.31 0.42 0.98 0.22 0.55 0.87 0.57 0.58 0.64 0.62 0.1 0.46 0.65 0.8 0.65 
0.46 0.4 0.97 0.42 0.64 0.94 0.84 0.7 0.15 0 0.06 0.06 0.02 0.96 0.33 0.11 0.67 0.15 0.45 0.75 0.54 0.48 0.19 0.79 0.88 0.21 0.92 0.97 0.97 0.09 0.52 0.71 
0.58 0.22 0.59 0.97 0.99 0.99 0.2 0.2 0.36 0.84 0.12 0.15 0.53 0.85 0.41 0.99 0.67 0.08 0.44 0.69 0.81 0.79 0.08 0.07 0.59 0.06 0.49 0.75 0.26 0.24 0.07 0.74 
0.84 0.28 0.46 0.45 0.81 0.14 0.49 0.68 0.38 0.07 0.93 0.04 0.05 0.97 0.17 0.55 0.41 0.43 0.33 0.97 0.79 0.36 0.55 0.33 0.54 0.3 0.52 0.04 0.79 0.88 0.7 0.54 
0.72 0.76 0.01 0.15 0.86 0.31 0.8 0.75 0.6 0.14 0.38 0.57 0.9 0.38 0.81 0.47 0.42 0.18 0.7 0.31 0.61 0.19 0.81 0.9 0.33 0.72 0.63 0.02 0.02 0.28 0.21 0.98 
0.47 0.45 0.06 0.22 0.86 0.94 0.77 0.44 0.83 0.47 0.4 0.85 0.64 0.23 0.37 0.53 0.68 0.3 0.55 0.66 0.58 0.12 0.56 0.18 0.01 0.42 0.76 0.06 0.02 0.84 0.23 0.7 
0.12 0.5 0.75 0.11 0.5 0.95 0.88 0.2 0.01 0.83 0.98 0.92 0.48 0.84 0.45 0.87 0.62 0.43 0.58 0.59 0.71 0.16 0.72 0.32 0.41 0.83 0.88 0.15 0.76 0.16 0.98 0.39 